2 100 -5 5 3969
-3.14	-3.14	-3.00
-3.14	-3.04	-3.00
-3.14	-2.94	-3.00
-3.14	-2.84	-3.00
-3.14	-2.74	-3.00
-3.14	-2.64	-3.00
-3.14	-2.54	-3.00
-3.14	-2.44	-3.00
-3.14	-2.34	-3.00
-3.14	-2.24	-3.00
-3.14	-2.14	-3.00
-3.14	-2.04	-3.00
-3.14	-1.94	-3.00
-3.14	-1.84	-3.00
-3.14	-1.74	-3.00
-3.14	-1.64	-3.00
-3.14	-1.54	-3.00
-3.14	-1.44	-3.00
-3.14	-1.34	-3.00
-3.14	-1.24	-3.00
-3.14	-1.14	-3.00
-3.14	-1.04	-3.00
-3.14	-0.94	-3.00
-3.14	-0.84	-3.00
-3.14	-0.74	-3.00
-3.14	-0.64	-3.00
-3.14	-0.54	-3.00
-3.14	-0.44	-3.00
-3.14	-0.34	-3.00
-3.14	-0.24	-3.00
-3.14	-0.14	-3.00
-3.14	-0.04	-3.00
-3.14	0.06	-3.00
-3.14	0.16	-3.00
-3.14	0.26	-3.00
-3.14	0.36	-3.00
-3.14	0.46	-3.00
-3.14	0.56	-3.00
-3.14	0.66	-3.00
-3.14	0.76	-3.00
-3.14	0.86	-3.00
-3.14	0.96	-3.00
-3.14	1.06	-3.00
-3.14	1.16	-3.00
-3.14	1.26	-3.00
-3.14	1.36	-3.00
-3.14	1.46	-3.00
-3.14	1.56	-3.00
-3.14	1.66	-3.00
-3.14	1.76	-3.00
-3.14	1.86	-3.00
-3.14	1.96	-3.00
-3.14	2.06	-3.00
-3.14	2.16	-3.00
-3.14	2.26	-3.00
-3.14	2.36	-3.00
-3.14	2.46	-3.00
-3.14	2.56	-3.00
-3.14	2.66	-3.00
-3.14	2.76	-3.00
-3.14	2.86	-3.00
-3.14	2.96	-3.00
-3.14	3.06	-3.00
-3.04	-3.14	-2.99
-3.04	-3.04	-2.99
-3.04	-2.94	-2.99
-3.04	-2.84	-2.99
-3.04	-2.74	-2.99
-3.04	-2.64	-2.99
-3.04	-2.54	-2.99
-3.04	-2.44	-2.99
-3.04	-2.34	-2.99
-3.04	-2.24	-2.99
-3.04	-2.14	-2.99
-3.04	-2.04	-2.99
-3.04	-1.94	-2.99
-3.04	-1.84	-2.99
-3.04	-1.74	-2.99
-3.04	-1.64	-2.99
-3.04	-1.54	-2.99
-3.04	-1.44	-2.99
-3.04	-1.34	-2.99
-3.04	-1.24	-2.99
-3.04	-1.14	-2.99
-3.04	-1.04	-2.99
-3.04	-0.94	-2.99
-3.04	-0.84	-2.99
-3.04	-0.74	-2.99
-3.04	-0.64	-2.99
-3.04	-0.54	-2.99
-3.04	-0.44	-2.99
-3.04	-0.34	-2.99
-3.04	-0.24	-2.99
-3.04	-0.14	-2.99
-3.04	-0.04	-2.99
-3.04	0.06	-2.99
-3.04	0.16	-2.99
-3.04	0.26	-2.99
-3.04	0.36	-2.99
-3.04	0.46	-2.99
-3.04	0.56	-2.99
-3.04	0.66	-2.99
-3.04	0.76	-2.99
-3.04	0.86	-2.99
-3.04	0.96	-2.99
-3.04	1.06	-2.99
-3.04	1.16	-2.99
-3.04	1.26	-2.99
-3.04	1.36	-2.99
-3.04	1.46	-2.99
-3.04	1.56	-2.99
-3.04	1.66	-2.99
-3.04	1.76	-2.99
-3.04	1.86	-2.99
-3.04	1.96	-2.99
-3.04	2.06	-2.99
-3.04	2.16	-2.99
-3.04	2.26	-2.99
-3.04	2.36	-2.99
-3.04	2.46	-2.99
-3.04	2.56	-2.99
-3.04	2.66	-2.99
-3.04	2.76	-2.99
-3.04	2.86	-2.99
-3.04	2.96	-2.99
-3.04	3.06	-2.99
-2.94	-3.14	-2.96
-2.94	-3.04	-2.96
-2.94	-2.94	-2.96
-2.94	-2.84	-2.96
-2.94	-2.74	-2.96
-2.94	-2.64	-2.96
-2.94	-2.54	-2.96
-2.94	-2.44	-2.96
-2.94	-2.34	-2.96
-2.94	-2.24	-2.96
-2.94	-2.14	-2.96
-2.94	-2.04	-2.96
-2.94	-1.94	-2.96
-2.94	-1.84	-2.96
-2.94	-1.74	-2.96
-2.94	-1.64	-2.96
-2.94	-1.54	-2.96
-2.94	-1.44	-2.96
-2.94	-1.34	-2.96
-2.94	-1.24	-2.96
-2.94	-1.14	-2.96
-2.94	-1.04	-2.96
-2.94	-0.94	-2.96
-2.94	-0.84	-2.96
-2.94	-0.74	-2.96
-2.94	-0.64	-2.96
-2.94	-0.54	-2.96
-2.94	-0.44	-2.96
-2.94	-0.34	-2.96
-2.94	-0.24	-2.96
-2.94	-0.14	-2.96
-2.94	-0.04	-2.96
-2.94	0.06	-2.96
-2.94	0.16	-2.96
-2.94	0.26	-2.96
-2.94	0.36	-2.96
-2.94	0.46	-2.96
-2.94	0.56	-2.96
-2.94	0.66	-2.96
-2.94	0.76	-2.96
-2.94	0.86	-2.96
-2.94	0.96	-2.96
-2.94	1.06	-2.96
-2.94	1.16	-2.96
-2.94	1.26	-2.96
-2.94	1.36	-2.96
-2.94	1.46	-2.96
-2.94	1.56	-2.96
-2.94	1.66	-2.96
-2.94	1.76	-2.96
-2.94	1.86	-2.96
-2.94	1.96	-2.96
-2.94	2.06	-2.96
-2.94	2.16	-2.96
-2.94	2.26	-2.96
-2.94	2.36	-2.96
-2.94	2.46	-2.96
-2.94	2.56	-2.96
-2.94	2.66	-2.96
-2.94	2.76	-2.96
-2.94	2.86	-2.96
-2.94	2.96	-2.96
-2.94	3.06	-2.96
-2.84	-3.14	-2.90
-2.84	-3.04	-2.90
-2.84	-2.94	-2.90
-2.84	-2.84	-2.90
-2.84	-2.74	-2.90
-2.84	-2.64	-2.90
-2.84	-2.54	-2.90
-2.84	-2.44	-2.90
-2.84	-2.34	-2.90
-2.84	-2.24	-2.90
-2.84	-2.14	-2.90
-2.84	-2.04	-2.90
-2.84	-1.94	-2.90
-2.84	-1.84	-2.90
-2.84	-1.74	-2.90
-2.84	-1.64	-2.90
-2.84	-1.54	-2.90
-2.84	-1.44	-2.90
-2.84	-1.34	-2.90
-2.84	-1.24	-2.90
-2.84	-1.14	-2.90
-2.84	-1.04	-2.90
-2.84	-0.94	-2.90
-2.84	-0.84	-2.90
-2.84	-0.74	-2.90
-2.84	-0.64	-2.90
-2.84	-0.54	-2.90
-2.84	-0.44	-2.90
-2.84	-0.34	-2.90
-2.84	-0.24	-2.90
-2.84	-0.14	-2.90
-2.84	-0.04	-2.90
-2.84	0.06	-2.90
-2.84	0.16	-2.90
-2.84	0.26	-2.90
-2.84	0.36	-2.90
-2.84	0.46	-2.90
-2.84	0.56	-2.90
-2.84	0.66	-2.90
-2.84	0.76	-2.90
-2.84	0.86	-2.90
-2.84	0.96	-2.90
-2.84	1.06	-2.90
-2.84	1.16	-2.90
-2.84	1.26	-2.90
-2.84	1.36	-2.90
-2.84	1.46	-2.90
-2.84	1.56	-2.90
-2.84	1.66	-2.90
-2.84	1.76	-2.90
-2.84	1.86	-2.90
-2.84	1.96	-2.90
-2.84	2.06	-2.90
-2.84	2.16	-2.90
-2.84	2.26	-2.90
-2.84	2.36	-2.90
-2.84	2.46	-2.90
-2.84	2.56	-2.90
-2.84	2.66	-2.90
-2.84	2.76	-2.90
-2.84	2.86	-2.90
-2.84	2.96	-2.90
-2.84	3.06	-2.90
-2.74	-3.14	-2.82
-2.74	-3.04	-2.82
-2.74	-2.94	-2.82
-2.74	-2.84	-2.82
-2.74	-2.74	-2.82
-2.74	-2.64	-2.82
-2.74	-2.54	-2.82
-2.74	-2.44	-2.82
-2.74	-2.34	-2.82
-2.74	-2.24	-2.82
-2.74	-2.14	-2.82
-2.74	-2.04	-2.82
-2.74	-1.94	-2.82
-2.74	-1.84	-2.82
-2.74	-1.74	-2.82
-2.74	-1.64	-2.82
-2.74	-1.54	-2.82
-2.74	-1.44	-2.82
-2.74	-1.34	-2.82
-2.74	-1.24	-2.82
-2.74	-1.14	-2.82
-2.74	-1.04	-2.82
-2.74	-0.94	-2.82
-2.74	-0.84	-2.82
-2.74	-0.74	-2.82
-2.74	-0.64	-2.82
-2.74	-0.54	-2.82
-2.74	-0.44	-2.82
-2.74	-0.34	-2.82
-2.74	-0.24	-2.82
-2.74	-0.14	-2.82
-2.74	-0.04	-2.82
-2.74	0.06	-2.82
-2.74	0.16	-2.82
-2.74	0.26	-2.82
-2.74	0.36	-2.82
-2.74	0.46	-2.82
-2.74	0.56	-2.82
-2.74	0.66	-2.82
-2.74	0.76	-2.82
-2.74	0.86	-2.82
-2.74	0.96	-2.82
-2.74	1.06	-2.82
-2.74	1.16	-2.82
-2.74	1.26	-2.82
-2.74	1.36	-2.82
-2.74	1.46	-2.82
-2.74	1.56	-2.82
-2.74	1.66	-2.82
-2.74	1.76	-2.82
-2.74	1.86	-2.82
-2.74	1.96	-2.82
-2.74	2.06	-2.82
-2.74	2.16	-2.82
-2.74	2.26	-2.82
-2.74	2.36	-2.82
-2.74	2.46	-2.82
-2.74	2.56	-2.82
-2.74	2.66	-2.82
-2.74	2.76	-2.82
-2.74	2.86	-2.82
-2.74	2.96	-2.82
-2.74	3.06	-2.82
-2.64	-3.14	-2.72
-2.64	-3.04	-2.72
-2.64	-2.94	-2.72
-2.64	-2.84	-2.72
-2.64	-2.74	-2.72
-2.64	-2.64	-2.72
-2.64	-2.54	-2.72
-2.64	-2.44	-2.72
-2.64	-2.34	-2.72
-2.64	-2.24	-2.72
-2.64	-2.14	-2.72
-2.64	-2.04	-2.72
-2.64	-1.94	-2.72
-2.64	-1.84	-2.72
-2.64	-1.74	-2.72
-2.64	-1.64	-2.72
-2.64	-1.54	-2.72
-2.64	-1.44	-2.72
-2.64	-1.34	-2.72
-2.64	-1.24	-2.72
-2.64	-1.14	-2.72
-2.64	-1.04	-2.72
-2.64	-0.94	-2.72
-2.64	-0.84	-2.72
-2.64	-0.74	-2.72
-2.64	-0.64	-2.72
-2.64	-0.54	-2.72
-2.64	-0.44	-2.72
-2.64	-0.34	-2.72
-2.64	-0.24	-2.72
-2.64	-0.14	-2.72
-2.64	-0.04	-2.72
-2.64	0.06	-2.72
-2.64	0.16	-2.72
-2.64	0.26	-2.72
-2.64	0.36	-2.72
-2.64	0.46	-2.72
-2.64	0.56	-2.72
-2.64	0.66	-2.72
-2.64	0.76	-2.72
-2.64	0.86	-2.72
-2.64	0.96	-2.72
-2.64	1.06	-2.72
-2.64	1.16	-2.72
-2.64	1.26	-2.72
-2.64	1.36	-2.72
-2.64	1.46	-2.72
-2.64	1.56	-2.72
-2.64	1.66	-2.72
-2.64	1.76	-2.72
-2.64	1.86	-2.72
-2.64	1.96	-2.72
-2.64	2.06	-2.72
-2.64	2.16	-2.72
-2.64	2.26	-2.72
-2.64	2.36	-2.72
-2.64	2.46	-2.72
-2.64	2.56	-2.72
-2.64	2.66	-2.72
-2.64	2.76	-2.72
-2.64	2.86	-2.72
-2.64	2.96	-2.72
-2.64	3.06	-2.72
-2.54	-3.14	-2.61
-2.54	-3.04	-2.61
-2.54	-2.94	-2.61
-2.54	-2.84	-2.61
-2.54	-2.74	-2.61
-2.54	-2.64	-2.61
-2.54	-2.54	-2.61
-2.54	-2.44	-2.61
-2.54	-2.34	-2.61
-2.54	-2.24	-2.61
-2.54	-2.14	-2.61
-2.54	-2.04	-2.61
-2.54	-1.94	-2.61
-2.54	-1.84	-2.61
-2.54	-1.74	-2.61
-2.54	-1.64	-2.61
-2.54	-1.54	-2.61
-2.54	-1.44	-2.61
-2.54	-1.34	-2.61
-2.54	-1.24	-2.61
-2.54	-1.14	-2.61
-2.54	-1.04	-2.61
-2.54	-0.94	-2.61
-2.54	-0.84	-2.61
-2.54	-0.74	-2.61
-2.54	-0.64	-2.61
-2.54	-0.54	-2.61
-2.54	-0.44	-2.61
-2.54	-0.34	-2.61
-2.54	-0.24	-2.61
-2.54	-0.14	-2.61
-2.54	-0.04	-2.61
-2.54	0.06	-2.61
-2.54	0.16	-2.61
-2.54	0.26	-2.61
-2.54	0.36	-2.61
-2.54	0.46	-2.61
-2.54	0.56	-2.61
-2.54	0.66	-2.61
-2.54	0.76	-2.61
-2.54	0.86	-2.61
-2.54	0.96	-2.61
-2.54	1.06	-2.61
-2.54	1.16	-2.61
-2.54	1.26	-2.61
-2.54	1.36	-2.61
-2.54	1.46	-2.61
-2.54	1.56	-2.61
-2.54	1.66	-2.61
-2.54	1.76	-2.61
-2.54	1.86	-2.61
-2.54	1.96	-2.61
-2.54	2.06	-2.61
-2.54	2.16	-2.61
-2.54	2.26	-2.61
-2.54	2.36	-2.61
-2.54	2.46	-2.61
-2.54	2.56	-2.61
-2.54	2.66	-2.61
-2.54	2.76	-2.61
-2.54	2.86	-2.61
-2.54	2.96	-2.61
-2.54	3.06	-2.61
-2.44	-3.14	-2.47
-2.44	-3.04	-2.47
-2.44	-2.94	-2.47
-2.44	-2.84	-2.47
-2.44	-2.74	-2.47
-2.44	-2.64	-2.47
-2.44	-2.54	-2.47
-2.44	-2.44	-2.47
-2.44	-2.34	-2.47
-2.44	-2.24	-2.47
-2.44	-2.14	-2.47
-2.44	-2.04	-2.47
-2.44	-1.94	-2.47
-2.44	-1.84	-2.47
-2.44	-1.74	-2.47
-2.44	-1.64	-2.47
-2.44	-1.54	-2.47
-2.44	-1.44	-2.47
-2.44	-1.34	-2.47
-2.44	-1.24	-2.47
-2.44	-1.14	-2.47
-2.44	-1.04	-2.47
-2.44	-0.94	-2.47
-2.44	-0.84	-2.47
-2.44	-0.74	-2.47
-2.44	-0.64	-2.47
-2.44	-0.54	-2.47
-2.44	-0.44	-2.47
-2.44	-0.34	-2.47
-2.44	-0.24	-2.47
-2.44	-0.14	-2.47
-2.44	-0.04	-2.47
-2.44	0.06	-2.47
-2.44	0.16	-2.47
-2.44	0.26	-2.47
-2.44	0.36	-2.47
-2.44	0.46	-2.47
-2.44	0.56	-2.47
-2.44	0.66	-2.47
-2.44	0.76	-2.47
-2.44	0.86	-2.47
-2.44	0.96	-2.47
-2.44	1.06	-2.47
-2.44	1.16	-2.47
-2.44	1.26	-2.47
-2.44	1.36	-2.47
-2.44	1.46	-2.47
-2.44	1.56	-2.47
-2.44	1.66	-2.47
-2.44	1.76	-2.47
-2.44	1.86	-2.47
-2.44	1.96	-2.47
-2.44	2.06	-2.47
-2.44	2.16	-2.47
-2.44	2.26	-2.47
-2.44	2.36	-2.47
-2.44	2.46	-2.47
-2.44	2.56	-2.47
-2.44	2.66	-2.47
-2.44	2.76	-2.47
-2.44	2.86	-2.47
-2.44	2.96	-2.47
-2.44	3.06	-2.47
-2.34	-3.14	-2.31
-2.34	-3.04	-2.31
-2.34	-2.94	-2.31
-2.34	-2.84	-2.31
-2.34	-2.74	-2.31
-2.34	-2.64	-2.31
-2.34	-2.54	-2.31
-2.34	-2.44	-2.31
-2.34	-2.34	-2.31
-2.34	-2.24	-2.31
-2.34	-2.14	-2.31
-2.34	-2.04	-2.31
-2.34	-1.94	-2.31
-2.34	-1.84	-2.31
-2.34	-1.74	-2.31
-2.34	-1.64	-2.31
-2.34	-1.54	-2.31
-2.34	-1.44	-2.31
-2.34	-1.34	-2.31
-2.34	-1.24	-2.31
-2.34	-1.14	-2.31
-2.34	-1.04	-2.31
-2.34	-0.94	-2.31
-2.34	-0.84	-2.31
-2.34	-0.74	-2.31
-2.34	-0.64	-2.31
-2.34	-0.54	-2.31
-2.34	-0.44	-2.31
-2.34	-0.34	-2.31
-2.34	-0.24	-2.31
-2.34	-0.14	-2.31
-2.34	-0.04	-2.31
-2.34	0.06	-2.31
-2.34	0.16	-2.31
-2.34	0.26	-2.31
-2.34	0.36	-2.31
-2.34	0.46	-2.31
-2.34	0.56	-2.31
-2.34	0.66	-2.31
-2.34	0.76	-2.31
-2.34	0.86	-2.31
-2.34	0.96	-2.31
-2.34	1.06	-2.31
-2.34	1.16	-2.31
-2.34	1.26	-2.31
-2.34	1.36	-2.31
-2.34	1.46	-2.31
-2.34	1.56	-2.31
-2.34	1.66	-2.31
-2.34	1.76	-2.31
-2.34	1.86	-2.31
-2.34	1.96	-2.31
-2.34	2.06	-2.31
-2.34	2.16	-2.31
-2.34	2.26	-2.31
-2.34	2.36	-2.31
-2.34	2.46	-2.31
-2.34	2.56	-2.31
-2.34	2.66	-2.31
-2.34	2.76	-2.31
-2.34	2.86	-2.31
-2.34	2.96	-2.31
-2.34	3.06	-2.31
-2.24	-3.14	-2.14
-2.24	-3.04	-2.14
-2.24	-2.94	-2.14
-2.24	-2.84	-2.14
-2.24	-2.74	-2.14
-2.24	-2.64	-2.14
-2.24	-2.54	-2.14
-2.24	-2.44	-2.14
-2.24	-2.34	-2.14
-2.24	-2.24	-2.14
-2.24	-2.14	-2.14
-2.24	-2.04	-2.14
-2.24	-1.94	-2.14
-2.24	-1.84	-2.14
-2.24	-1.74	-2.14
-2.24	-1.64	-2.14
-2.24	-1.54	-2.14
-2.24	-1.44	-2.14
-2.24	-1.34	-2.14
-2.24	-1.24	-2.14
-2.24	-1.14	-2.14
-2.24	-1.04	-2.14
-2.24	-0.94	-2.14
-2.24	-0.84	-2.14
-2.24	-0.74	-2.14
-2.24	-0.64	-2.14
-2.24	-0.54	-2.14
-2.24	-0.44	-2.14
-2.24	-0.34	-2.14
-2.24	-0.24	-2.14
-2.24	-0.14	-2.14
-2.24	-0.04	-2.14
-2.24	0.06	-2.14
-2.24	0.16	-2.14
-2.24	0.26	-2.14
-2.24	0.36	-2.14
-2.24	0.46	-2.14
-2.24	0.56	-2.14
-2.24	0.66	-2.14
-2.24	0.76	-2.14
-2.24	0.86	-2.14
-2.24	0.96	-2.14
-2.24	1.06	-2.14
-2.24	1.16	-2.14
-2.24	1.26	-2.14
-2.24	1.36	-2.14
-2.24	1.46	-2.14
-2.24	1.56	-2.14
-2.24	1.66	-2.14
-2.24	1.76	-2.14
-2.24	1.86	-2.14
-2.24	1.96	-2.14
-2.24	2.06	-2.14
-2.24	2.16	-2.14
-2.24	2.26	-2.14
-2.24	2.36	-2.14
-2.24	2.46	-2.14
-2.24	2.56	-2.14
-2.24	2.66	-2.14
-2.24	2.76	-2.14
-2.24	2.86	-2.14
-2.24	2.96	-2.14
-2.24	3.06	-2.14
-2.14	-3.14	-1.96
-2.14	-3.04	-1.96
-2.14	-2.94	-1.96
-2.14	-2.84	-1.96
-2.14	-2.74	-1.96
-2.14	-2.64	-1.96
-2.14	-2.54	-1.96
-2.14	-2.44	-1.96
-2.14	-2.34	-1.96
-2.14	-2.24	-1.96
-2.14	-2.14	-1.96
-2.14	-2.04	-1.96
-2.14	-1.94	-1.96
-2.14	-1.84	-1.96
-2.14	-1.74	-1.96
-2.14	-1.64	-1.96
-2.14	-1.54	-1.96
-2.14	-1.44	-1.96
-2.14	-1.34	-1.96
-2.14	-1.24	-1.96
-2.14	-1.14	-1.96
-2.14	-1.04	-1.96
-2.14	-0.94	-1.96
-2.14	-0.84	-1.96
-2.14	-0.74	-1.96
-2.14	-0.64	-1.96
-2.14	-0.54	-1.96
-2.14	-0.44	-1.96
-2.14	-0.34	-1.96
-2.14	-0.24	-1.96
-2.14	-0.14	-1.96
-2.14	-0.04	-1.96
-2.14	0.06	-1.96
-2.14	0.16	-1.96
-2.14	0.26	-1.96
-2.14	0.36	-1.96
-2.14	0.46	-1.96
-2.14	0.56	-1.96
-2.14	0.66	-1.96
-2.14	0.76	-1.96
-2.14	0.86	-1.96
-2.14	0.96	-1.96
-2.14	1.06	-1.96
-2.14	1.16	-1.96
-2.14	1.26	-1.96
-2.14	1.36	-1.96
-2.14	1.46	-1.96
-2.14	1.56	-1.96
-2.14	1.66	-1.96
-2.14	1.76	-1.96
-2.14	1.86	-1.96
-2.14	1.96	-1.96
-2.14	2.06	-1.96
-2.14	2.16	-1.96
-2.14	2.26	-1.96
-2.14	2.36	-1.96
-2.14	2.46	-1.96
-2.14	2.56	-1.96
-2.14	2.66	-1.96
-2.14	2.76	-1.96
-2.14	2.86	-1.96
-2.14	2.96	-1.96
-2.14	3.06	-1.96
-2.04	-3.14	-1.76
-2.04	-3.04	-1.76
-2.04	-2.94	-1.76
-2.04	-2.84	-1.76
-2.04	-2.74	-1.76
-2.04	-2.64	-1.76
-2.04	-2.54	-1.76
-2.04	-2.44	-1.76
-2.04	-2.34	-1.76
-2.04	-2.24	-1.76
-2.04	-2.14	-1.76
-2.04	-2.04	-1.76
-2.04	-1.94	-1.76
-2.04	-1.84	-1.76
-2.04	-1.74	-1.76
-2.04	-1.64	-1.76
-2.04	-1.54	-1.76
-2.04	-1.44	-1.76
-2.04	-1.34	-1.76
-2.04	-1.24	-1.76
-2.04	-1.14	-1.76
-2.04	-1.04	-1.76
-2.04	-0.94	-1.76
-2.04	-0.84	-1.76
-2.04	-0.74	-1.76
-2.04	-0.64	-1.76
-2.04	-0.54	-1.76
-2.04	-0.44	-1.76
-2.04	-0.34	-1.76
-2.04	-0.24	-1.76
-2.04	-0.14	-1.76
-2.04	-0.04	-1.76
-2.04	0.06	-1.76
-2.04	0.16	-1.76
-2.04	0.26	-1.76
-2.04	0.36	-1.76
-2.04	0.46	-1.76
-2.04	0.56	-1.76
-2.04	0.66	-1.76
-2.04	0.76	-1.76
-2.04	0.86	-1.76
-2.04	0.96	-1.76
-2.04	1.06	-1.76
-2.04	1.16	-1.76
-2.04	1.26	-1.76
-2.04	1.36	-1.76
-2.04	1.46	-1.76
-2.04	1.56	-1.76
-2.04	1.66	-1.76
-2.04	1.76	-1.76
-2.04	1.86	-1.76
-2.04	1.96	-1.76
-2.04	2.06	-1.76
-2.04	2.16	-1.76
-2.04	2.26	-1.76
-2.04	2.36	-1.76
-2.04	2.46	-1.76
-2.04	2.56	-1.76
-2.04	2.66	-1.76
-2.04	2.76	-1.76
-2.04	2.86	-1.76
-2.04	2.96	-1.76
-2.04	3.06	-1.76
-1.94	-3.14	-1.55
-1.94	-3.04	-1.55
-1.94	-2.94	-1.55
-1.94	-2.84	-1.55
-1.94	-2.74	-1.55
-1.94	-2.64	-1.55
-1.94	-2.54	-1.55
-1.94	-2.44	-1.55
-1.94	-2.34	-1.55
-1.94	-2.24	-1.55
-1.94	-2.14	-1.55
-1.94	-2.04	-1.55
-1.94	-1.94	-1.55
-1.94	-1.84	-1.55
-1.94	-1.74	-1.55
-1.94	-1.64	-1.55
-1.94	-1.54	-1.55
-1.94	-1.44	-1.55
-1.94	-1.34	-1.55
-1.94	-1.24	-1.55
-1.94	-1.14	-1.55
-1.94	-1.04	-1.55
-1.94	-0.94	-1.55
-1.94	-0.84	-1.55
-1.94	-0.74	-1.55
-1.94	-0.64	-1.55
-1.94	-0.54	-1.55
-1.94	-0.44	-1.55
-1.94	-0.34	-1.55
-1.94	-0.24	-1.55
-1.94	-0.14	-1.55
-1.94	-0.04	-1.55
-1.94	0.06	-1.55
-1.94	0.16	-1.55
-1.94	0.26	-1.55
-1.94	0.36	-1.55
-1.94	0.46	-1.55
-1.94	0.56	-1.55
-1.94	0.66	-1.55
-1.94	0.76	-1.55
-1.94	0.86	-1.55
-1.94	0.96	-1.55
-1.94	1.06	-1.55
-1.94	1.16	-1.55
-1.94	1.26	-1.55
-1.94	1.36	-1.55
-1.94	1.46	-1.55
-1.94	1.56	-1.55
-1.94	1.66	-1.55
-1.94	1.76	-1.55
-1.94	1.86	-1.55
-1.94	1.96	-1.55
-1.94	2.06	-1.55
-1.94	2.16	-1.55
-1.94	2.26	-1.55
-1.94	2.36	-1.55
-1.94	2.46	-1.55
-1.94	2.56	-1.55
-1.94	2.66	-1.55
-1.94	2.76	-1.55
-1.94	2.86	-1.55
-1.94	2.96	-1.55
-1.94	3.06	-1.55
-1.84	-3.14	-1.33
-1.84	-3.04	-1.33
-1.84	-2.94	-1.33
-1.84	-2.84	-1.33
-1.84	-2.74	-1.33
-1.84	-2.64	-1.33
-1.84	-2.54	-1.33
-1.84	-2.44	-1.33
-1.84	-2.34	-1.33
-1.84	-2.24	-1.33
-1.84	-2.14	-1.33
-1.84	-2.04	-1.33
-1.84	-1.94	-1.33
-1.84	-1.84	-1.33
-1.84	-1.74	-1.33
-1.84	-1.64	-1.33
-1.84	-1.54	-1.33
-1.84	-1.44	-1.33
-1.84	-1.34	-1.33
-1.84	-1.24	-1.33
-1.84	-1.14	-1.33
-1.84	-1.04	-1.33
-1.84	-0.94	-1.33
-1.84	-0.84	-1.33
-1.84	-0.74	-1.33
-1.84	-0.64	-1.33
-1.84	-0.54	-1.33
-1.84	-0.44	-1.33
-1.84	-0.34	-1.33
-1.84	-0.24	-1.33
-1.84	-0.14	-1.33
-1.84	-0.04	-1.33
-1.84	0.06	-1.33
-1.84	0.16	-1.33
-1.84	0.26	-1.33
-1.84	0.36	-1.33
-1.84	0.46	-1.33
-1.84	0.56	-1.33
-1.84	0.66	-1.33
-1.84	0.76	-1.33
-1.84	0.86	-1.33
-1.84	0.96	-1.33
-1.84	1.06	-1.33
-1.84	1.16	-1.33
-1.84	1.26	-1.33
-1.84	1.36	-1.33
-1.84	1.46	-1.33
-1.84	1.56	-1.33
-1.84	1.66	-1.33
-1.84	1.76	-1.33
-1.84	1.86	-1.33
-1.84	1.96	-1.33
-1.84	2.06	-1.33
-1.84	2.16	-1.33
-1.84	2.26	-1.33
-1.84	2.36	-1.33
-1.84	2.46	-1.33
-1.84	2.56	-1.33
-1.84	2.66	-1.33
-1.84	2.76	-1.33
-1.84	2.86	-1.33
-1.84	2.96	-1.33
-1.84	3.06	-1.33
-1.74	-3.14	-1.10
-1.74	-3.04	-1.10
-1.74	-2.94	-1.10
-1.74	-2.84	-1.10
-1.74	-2.74	-1.10
-1.74	-2.64	-1.10
-1.74	-2.54	-1.10
-1.74	-2.44	-1.10
-1.74	-2.34	-1.10
-1.74	-2.24	-1.10
-1.74	-2.14	-1.10
-1.74	-2.04	-1.10
-1.74	-1.94	-1.10
-1.74	-1.84	-1.10
-1.74	-1.74	-1.10
-1.74	-1.64	-1.10
-1.74	-1.54	-1.10
-1.74	-1.44	-1.10
-1.74	-1.34	-1.10
-1.74	-1.24	-1.10
-1.74	-1.14	-1.10
-1.74	-1.04	-1.10
-1.74	-0.94	-1.10
-1.74	-0.84	-1.10
-1.74	-0.74	-1.10
-1.74	-0.64	-1.10
-1.74	-0.54	-1.10
-1.74	-0.44	-1.10
-1.74	-0.34	-1.10
-1.74	-0.24	-1.10
-1.74	-0.14	-1.10
-1.74	-0.04	-1.10
-1.74	0.06	-1.10
-1.74	0.16	-1.10
-1.74	0.26	-1.10
-1.74	0.36	-1.10
-1.74	0.46	-1.10
-1.74	0.56	-1.10
-1.74	0.66	-1.10
-1.74	0.76	-1.10
-1.74	0.86	-1.10
-1.74	0.96	-1.10
-1.74	1.06	-1.10
-1.74	1.16	-1.10
-1.74	1.26	-1.10
-1.74	1.36	-1.10
-1.74	1.46	-1.10
-1.74	1.56	-1.10
-1.74	1.66	-1.10
-1.74	1.76	-1.10
-1.74	1.86	-1.10
-1.74	1.96	-1.10
-1.74	2.06	-1.10
-1.74	2.16	-1.10
-1.74	2.26	-1.10
-1.74	2.36	-1.10
-1.74	2.46	-1.10
-1.74	2.56	-1.10
-1.74	2.66	-1.10
-1.74	2.76	-1.10
-1.74	2.86	-1.10
-1.74	2.96	-1.10
-1.74	3.06	-1.10
-1.64	-3.14	-0.87
-1.64	-3.04	-0.87
-1.64	-2.94	-0.87
-1.64	-2.84	-0.87
-1.64	-2.74	-0.87
-1.64	-2.64	-0.87
-1.64	-2.54	-0.87
-1.64	-2.44	-0.87
-1.64	-2.34	-0.87
-1.64	-2.24	-0.87
-1.64	-2.14	-0.87
-1.64	-2.04	-0.87
-1.64	-1.94	-0.87
-1.64	-1.84	-0.87
-1.64	-1.74	-0.87
-1.64	-1.64	-0.87
-1.64	-1.54	-0.87
-1.64	-1.44	-0.87
-1.64	-1.34	-0.87
-1.64	-1.24	-0.87
-1.64	-1.14	-0.87
-1.64	-1.04	-0.87
-1.64	-0.94	-0.87
-1.64	-0.84	-0.87
-1.64	-0.74	-0.87
-1.64	-0.64	-0.87
-1.64	-0.54	-0.87
-1.64	-0.44	-0.87
-1.64	-0.34	-0.87
-1.64	-0.24	-0.87
-1.64	-0.14	-0.87
-1.64	-0.04	-0.87
-1.64	0.06	-0.87
-1.64	0.16	-0.87
-1.64	0.26	-0.87
-1.64	0.36	-0.87
-1.64	0.46	-0.87
-1.64	0.56	-0.87
-1.64	0.66	-0.87
-1.64	0.76	-0.87
-1.64	0.86	-0.87
-1.64	0.96	-0.87
-1.64	1.06	-0.87
-1.64	1.16	-0.87
-1.64	1.26	-0.87
-1.64	1.36	-0.87
-1.64	1.46	-0.87
-1.64	1.56	-0.87
-1.64	1.66	-0.87
-1.64	1.76	-0.87
-1.64	1.86	-0.87
-1.64	1.96	-0.87
-1.64	2.06	-0.87
-1.64	2.16	-0.87
-1.64	2.26	-0.87
-1.64	2.36	-0.87
-1.64	2.46	-0.87
-1.64	2.56	-0.87
-1.64	2.66	-0.87
-1.64	2.76	-0.87
-1.64	2.86	-0.87
-1.64	2.96	-0.87
-1.64	3.06	-0.87
-1.54	-3.14	-0.64
-1.54	-3.04	-0.64
-1.54	-2.94	-0.64
-1.54	-2.84	-0.64
-1.54	-2.74	-0.64
-1.54	-2.64	-0.64
-1.54	-2.54	-0.64
-1.54	-2.44	-0.64
-1.54	-2.34	-0.64
-1.54	-2.24	-0.64
-1.54	-2.14	-0.64
-1.54	-2.04	-0.64
-1.54	-1.94	-0.64
-1.54	-1.84	-0.64
-1.54	-1.74	-0.64
-1.54	-1.64	-0.64
-1.54	-1.54	-0.64
-1.54	-1.44	-0.64
-1.54	-1.34	-0.64
-1.54	-1.24	-0.64
-1.54	-1.14	-0.64
-1.54	-1.04	-0.64
-1.54	-0.94	-0.64
-1.54	-0.84	-0.64
-1.54	-0.74	-0.64
-1.54	-0.64	-0.64
-1.54	-0.54	-0.64
-1.54	-0.44	-0.64
-1.54	-0.34	-0.64
-1.54	-0.24	-0.64
-1.54	-0.14	-0.64
-1.54	-0.04	-0.64
-1.54	0.06	-0.64
-1.54	0.16	-0.64
-1.54	0.26	-0.64
-1.54	0.36	-0.64
-1.54	0.46	-0.64
-1.54	0.56	-0.64
-1.54	0.66	-0.64
-1.54	0.76	-0.64
-1.54	0.86	-0.64
-1.54	0.96	-0.64
-1.54	1.06	-0.64
-1.54	1.16	-0.64
-1.54	1.26	-0.64
-1.54	1.36	-0.64
-1.54	1.46	-0.64
-1.54	1.56	-0.64
-1.54	1.66	-0.64
-1.54	1.76	-0.64
-1.54	1.86	-0.64
-1.54	1.96	-0.64
-1.54	2.06	-0.64
-1.54	2.16	-0.64
-1.54	2.26	-0.64
-1.54	2.36	-0.64
-1.54	2.46	-0.64
-1.54	2.56	-0.64
-1.54	2.66	-0.64
-1.54	2.76	-0.64
-1.54	2.86	-0.64
-1.54	2.96	-0.64
-1.54	3.06	-0.64
-1.44	-3.14	-0.40
-1.44	-3.04	-0.40
-1.44	-2.94	-0.40
-1.44	-2.84	-0.40
-1.44	-2.74	-0.40
-1.44	-2.64	-0.40
-1.44	-2.54	-0.40
-1.44	-2.44	-0.40
-1.44	-2.34	-0.40
-1.44	-2.24	-0.40
-1.44	-2.14	-0.40
-1.44	-2.04	-0.40
-1.44	-1.94	-0.40
-1.44	-1.84	-0.40
-1.44	-1.74	-0.40
-1.44	-1.64	-0.40
-1.44	-1.54	-0.40
-1.44	-1.44	-0.40
-1.44	-1.34	-0.40
-1.44	-1.24	-0.40
-1.44	-1.14	-0.40
-1.44	-1.04	-0.40
-1.44	-0.94	-0.40
-1.44	-0.84	-0.40
-1.44	-0.74	-0.40
-1.44	-0.64	-0.40
-1.44	-0.54	-0.40
-1.44	-0.44	-0.40
-1.44	-0.34	-0.40
-1.44	-0.24	-0.40
-1.44	-0.14	-0.40
-1.44	-0.04	-0.40
-1.44	0.06	-0.40
-1.44	0.16	-0.40
-1.44	0.26	-0.40
-1.44	0.36	-0.40
-1.44	0.46	-0.40
-1.44	0.56	-0.40
-1.44	0.66	-0.40
-1.44	0.76	-0.40
-1.44	0.86	-0.40
-1.44	0.96	-0.40
-1.44	1.06	-0.40
-1.44	1.16	-0.40
-1.44	1.26	-0.40
-1.44	1.36	-0.40
-1.44	1.46	-0.40
-1.44	1.56	-0.40
-1.44	1.66	-0.40
-1.44	1.76	-0.40
-1.44	1.86	-0.40
-1.44	1.96	-0.40
-1.44	2.06	-0.40
-1.44	2.16	-0.40
-1.44	2.26	-0.40
-1.44	2.36	-0.40
-1.44	2.46	-0.40
-1.44	2.56	-0.40
-1.44	2.66	-0.40
-1.44	2.76	-0.40
-1.44	2.86	-0.40
-1.44	2.96	-0.40
-1.44	3.06	-0.40
-1.34	-3.14	-0.17
-1.34	-3.04	-0.17
-1.34	-2.94	-0.17
-1.34	-2.84	-0.17
-1.34	-2.74	-0.17
-1.34	-2.64	-0.17
-1.34	-2.54	-0.17
-1.34	-2.44	-0.17
-1.34	-2.34	-0.17
-1.34	-2.24	-0.17
-1.34	-2.14	-0.17
-1.34	-2.04	-0.17
-1.34	-1.94	-0.17
-1.34	-1.84	-0.17
-1.34	-1.74	-0.17
-1.34	-1.64	-0.17
-1.34	-1.54	-0.17
-1.34	-1.44	-0.17
-1.34	-1.34	-0.17
-1.34	-1.24	-0.17
-1.34	-1.14	-0.17
-1.34	-1.04	-0.17
-1.34	-0.94	-0.17
-1.34	-0.84	-0.17
-1.34	-0.74	-0.17
-1.34	-0.64	-0.17
-1.34	-0.54	-0.17
-1.34	-0.44	-0.17
-1.34	-0.34	-0.17
-1.34	-0.24	-0.17
-1.34	-0.14	-0.17
-1.34	-0.04	-0.17
-1.34	0.06	-0.17
-1.34	0.16	-0.17
-1.34	0.26	-0.17
-1.34	0.36	-0.17
-1.34	0.46	-0.17
-1.34	0.56	-0.17
-1.34	0.66	-0.17
-1.34	0.76	-0.17
-1.34	0.86	-0.17
-1.34	0.96	-0.17
-1.34	1.06	-0.17
-1.34	1.16	-0.17
-1.34	1.26	-0.17
-1.34	1.36	-0.17
-1.34	1.46	-0.17
-1.34	1.56	-0.17
-1.34	1.66	-0.17
-1.34	1.76	-0.17
-1.34	1.86	-0.17
-1.34	1.96	-0.17
-1.34	2.06	-0.17
-1.34	2.16	-0.17
-1.34	2.26	-0.17
-1.34	2.36	-0.17
-1.34	2.46	-0.17
-1.34	2.56	-0.17
-1.34	2.66	-0.17
-1.34	2.76	-0.17
-1.34	2.86	-0.17
-1.34	2.96	-0.17
-1.34	3.06	-0.17
-1.24	-3.14	0.06
-1.24	-3.04	0.06
-1.24	-2.94	0.06
-1.24	-2.84	0.06
-1.24	-2.74	0.06
-1.24	-2.64	0.06
-1.24	-2.54	0.06
-1.24	-2.44	0.06
-1.24	-2.34	0.06
-1.24	-2.24	0.06
-1.24	-2.14	0.06
-1.24	-2.04	0.06
-1.24	-1.94	0.06
-1.24	-1.84	0.06
-1.24	-1.74	0.06
-1.24	-1.64	0.06
-1.24	-1.54	0.06
-1.24	-1.44	0.06
-1.24	-1.34	0.06
-1.24	-1.24	0.06
-1.24	-1.14	0.06
-1.24	-1.04	0.06
-1.24	-0.94	0.06
-1.24	-0.84	0.06
-1.24	-0.74	0.06
-1.24	-0.64	0.06
-1.24	-0.54	0.06
-1.24	-0.44	0.06
-1.24	-0.34	0.06
-1.24	-0.24	0.06
-1.24	-0.14	0.06
-1.24	-0.04	0.06
-1.24	0.06	0.06
-1.24	0.16	0.06
-1.24	0.26	0.06
-1.24	0.36	0.06
-1.24	0.46	0.06
-1.24	0.56	0.06
-1.24	0.66	0.06
-1.24	0.76	0.06
-1.24	0.86	0.06
-1.24	0.96	0.06
-1.24	1.06	0.06
-1.24	1.16	0.06
-1.24	1.26	0.06
-1.24	1.36	0.06
-1.24	1.46	0.06
-1.24	1.56	0.06
-1.24	1.66	0.06
-1.24	1.76	0.06
-1.24	1.86	0.06
-1.24	1.96	0.06
-1.24	2.06	0.06
-1.24	2.16	0.06
-1.24	2.26	0.06
-1.24	2.36	0.06
-1.24	2.46	0.06
-1.24	2.56	0.06
-1.24	2.66	0.06
-1.24	2.76	0.06
-1.24	2.86	0.06
-1.24	2.96	0.06
-1.24	3.06	0.06
-1.14	-3.14	0.29
-1.14	-3.04	0.29
-1.14	-2.94	0.29
-1.14	-2.84	0.29
-1.14	-2.74	0.29
-1.14	-2.64	0.29
-1.14	-2.54	0.29
-1.14	-2.44	0.29
-1.14	-2.34	0.29
-1.14	-2.24	0.29
-1.14	-2.14	0.29
-1.14	-2.04	0.29
-1.14	-1.94	0.29
-1.14	-1.84	0.29
-1.14	-1.74	0.29
-1.14	-1.64	0.29
-1.14	-1.54	0.29
-1.14	-1.44	0.29
-1.14	-1.34	0.29
-1.14	-1.24	0.29
-1.14	-1.14	0.29
-1.14	-1.04	0.29
-1.14	-0.94	0.29
-1.14	-0.84	0.29
-1.14	-0.74	0.29
-1.14	-0.64	0.29
-1.14	-0.54	0.29
-1.14	-0.44	0.29
-1.14	-0.34	0.29
-1.14	-0.24	0.29
-1.14	-0.14	0.29
-1.14	-0.04	0.29
-1.14	0.06	0.29
-1.14	0.16	0.29
-1.14	0.26	0.29
-1.14	0.36	0.29
-1.14	0.46	0.29
-1.14	0.56	0.29
-1.14	0.66	0.29
-1.14	0.76	0.29
-1.14	0.86	0.29
-1.14	0.96	0.29
-1.14	1.06	0.29
-1.14	1.16	0.29
-1.14	1.26	0.29
-1.14	1.36	0.29
-1.14	1.46	0.29
-1.14	1.56	0.29
-1.14	1.66	0.29
-1.14	1.76	0.29
-1.14	1.86	0.29
-1.14	1.96	0.29
-1.14	2.06	0.29
-1.14	2.16	0.29
-1.14	2.26	0.29
-1.14	2.36	0.29
-1.14	2.46	0.29
-1.14	2.56	0.29
-1.14	2.66	0.29
-1.14	2.76	0.29
-1.14	2.86	0.29
-1.14	2.96	0.29
-1.14	3.06	0.29
-1.04	-3.14	0.51
-1.04	-3.04	0.51
-1.04	-2.94	0.51
-1.04	-2.84	0.51
-1.04	-2.74	0.51
-1.04	-2.64	0.51
-1.04	-2.54	0.51
-1.04	-2.44	0.51
-1.04	-2.34	0.51
-1.04	-2.24	0.51
-1.04	-2.14	0.51
-1.04	-2.04	0.51
-1.04	-1.94	0.51
-1.04	-1.84	0.51
-1.04	-1.74	0.51
-1.04	-1.64	0.51
-1.04	-1.54	0.51
-1.04	-1.44	0.51
-1.04	-1.34	0.51
-1.04	-1.24	0.51
-1.04	-1.14	0.51
-1.04	-1.04	0.51
-1.04	-0.94	0.51
-1.04	-0.84	0.51
-1.04	-0.74	0.51
-1.04	-0.64	0.51
-1.04	-0.54	0.51
-1.04	-0.44	0.51
-1.04	-0.34	0.51
-1.04	-0.24	0.51
-1.04	-0.14	0.51
-1.04	-0.04	0.51
-1.04	0.06	0.51
-1.04	0.16	0.51
-1.04	0.26	0.51
-1.04	0.36	0.51
-1.04	0.46	0.51
-1.04	0.56	0.51
-1.04	0.66	0.51
-1.04	0.76	0.51
-1.04	0.86	0.51
-1.04	0.96	0.51
-1.04	1.06	0.51
-1.04	1.16	0.51
-1.04	1.26	0.51
-1.04	1.36	0.51
-1.04	1.46	0.51
-1.04	1.56	0.51
-1.04	1.66	0.51
-1.04	1.76	0.51
-1.04	1.86	0.51
-1.04	1.96	0.51
-1.04	2.06	0.51
-1.04	2.16	0.51
-1.04	2.26	0.51
-1.04	2.36	0.51
-1.04	2.46	0.51
-1.04	2.56	0.51
-1.04	2.66	0.51
-1.04	2.76	0.51
-1.04	2.86	0.51
-1.04	2.96	0.51
-1.04	3.06	0.51
-0.94	-3.14	0.72
-0.94	-3.04	0.72
-0.94	-2.94	0.72
-0.94	-2.84	0.72
-0.94	-2.74	0.72
-0.94	-2.64	0.72
-0.94	-2.54	0.72
-0.94	-2.44	0.72
-0.94	-2.34	0.72
-0.94	-2.24	0.72
-0.94	-2.14	0.72
-0.94	-2.04	0.72
-0.94	-1.94	0.72
-0.94	-1.84	0.72
-0.94	-1.74	0.72
-0.94	-1.64	0.72
-0.94	-1.54	0.72
-0.94	-1.44	0.72
-0.94	-1.34	0.72
-0.94	-1.24	0.72
-0.94	-1.14	0.72
-0.94	-1.04	0.72
-0.94	-0.94	0.72
-0.94	-0.84	0.72
-0.94	-0.74	0.72
-0.94	-0.64	0.72
-0.94	-0.54	0.72
-0.94	-0.44	0.72
-0.94	-0.34	0.72
-0.94	-0.24	0.72
-0.94	-0.14	0.72
-0.94	-0.04	0.72
-0.94	0.06	0.72
-0.94	0.16	0.72
-0.94	0.26	0.72
-0.94	0.36	0.72
-0.94	0.46	0.72
-0.94	0.56	0.72
-0.94	0.66	0.72
-0.94	0.76	0.72
-0.94	0.86	0.72
-0.94	0.96	0.72
-0.94	1.06	0.72
-0.94	1.16	0.72
-0.94	1.26	0.72
-0.94	1.36	0.72
-0.94	1.46	0.72
-0.94	1.56	0.72
-0.94	1.66	0.72
-0.94	1.76	0.72
-0.94	1.86	0.72
-0.94	1.96	0.72
-0.94	2.06	0.72
-0.94	2.16	0.72
-0.94	2.26	0.72
-0.94	2.36	0.72
-0.94	2.46	0.72
-0.94	2.56	0.72
-0.94	2.66	0.72
-0.94	2.76	0.72
-0.94	2.86	0.72
-0.94	2.96	0.72
-0.94	3.06	0.72
-0.84	-3.14	0.92
-0.84	-3.04	0.92
-0.84	-2.94	0.92
-0.84	-2.84	0.92
-0.84	-2.74	0.92
-0.84	-2.64	0.92
-0.84	-2.54	0.92
-0.84	-2.44	0.92
-0.84	-2.34	0.92
-0.84	-2.24	0.92
-0.84	-2.14	0.92
-0.84	-2.04	0.92
-0.84	-1.94	0.92
-0.84	-1.84	0.92
-0.84	-1.74	0.92
-0.84	-1.64	0.92
-0.84	-1.54	0.92
-0.84	-1.44	0.92
-0.84	-1.34	0.92
-0.84	-1.24	0.92
-0.84	-1.14	0.92
-0.84	-1.04	0.92
-0.84	-0.94	0.92
-0.84	-0.84	0.92
-0.84	-0.74	0.92
-0.84	-0.64	0.92
-0.84	-0.54	0.92
-0.84	-0.44	0.92
-0.84	-0.34	0.92
-0.84	-0.24	0.92
-0.84	-0.14	0.92
-0.84	-0.04	0.92
-0.84	0.06	0.92
-0.84	0.16	0.92
-0.84	0.26	0.92
-0.84	0.36	0.92
-0.84	0.46	0.92
-0.84	0.56	0.92
-0.84	0.66	0.92
-0.84	0.76	0.92
-0.84	0.86	0.92
-0.84	0.96	0.92
-0.84	1.06	0.92
-0.84	1.16	0.92
-0.84	1.26	0.92
-0.84	1.36	0.92
-0.84	1.46	0.92
-0.84	1.56	0.92
-0.84	1.66	0.92
-0.84	1.76	0.92
-0.84	1.86	0.92
-0.84	1.96	0.92
-0.84	2.06	0.92
-0.84	2.16	0.92
-0.84	2.26	0.92
-0.84	2.36	0.92
-0.84	2.46	0.92
-0.84	2.56	0.92
-0.84	2.66	0.92
-0.84	2.76	0.92
-0.84	2.86	0.92
-0.84	2.96	0.92
-0.84	3.06	0.92
-0.74	-3.14	1.11
-0.74	-3.04	1.11
-0.74	-2.94	1.11
-0.74	-2.84	1.11
-0.74	-2.74	1.11
-0.74	-2.64	1.11
-0.74	-2.54	1.11
-0.74	-2.44	1.11
-0.74	-2.34	1.11
-0.74	-2.24	1.11
-0.74	-2.14	1.11
-0.74	-2.04	1.11
-0.74	-1.94	1.11
-0.74	-1.84	1.11
-0.74	-1.74	1.11
-0.74	-1.64	1.11
-0.74	-1.54	1.11
-0.74	-1.44	1.11
-0.74	-1.34	1.11
-0.74	-1.24	1.11
-0.74	-1.14	1.11
-0.74	-1.04	1.11
-0.74	-0.94	1.11
-0.74	-0.84	1.11
-0.74	-0.74	1.11
-0.74	-0.64	1.11
-0.74	-0.54	1.11
-0.74	-0.44	1.11
-0.74	-0.34	1.11
-0.74	-0.24	1.11
-0.74	-0.14	1.11
-0.74	-0.04	1.11
-0.74	0.06	1.11
-0.74	0.16	1.11
-0.74	0.26	1.11
-0.74	0.36	1.11
-0.74	0.46	1.11
-0.74	0.56	1.11
-0.74	0.66	1.11
-0.74	0.76	1.11
-0.74	0.86	1.11
-0.74	0.96	1.11
-0.74	1.06	1.11
-0.74	1.16	1.11
-0.74	1.26	1.11
-0.74	1.36	1.11
-0.74	1.46	1.11
-0.74	1.56	1.11
-0.74	1.66	1.11
-0.74	1.76	1.11
-0.74	1.86	1.11
-0.74	1.96	1.11
-0.74	2.06	1.11
-0.74	2.16	1.11
-0.74	2.26	1.11
-0.74	2.36	1.11
-0.74	2.46	1.11
-0.74	2.56	1.11
-0.74	2.66	1.11
-0.74	2.76	1.11
-0.74	2.86	1.11
-0.74	2.96	1.11
-0.74	3.06	1.11
-0.64	-3.14	1.29
-0.64	-3.04	1.29
-0.64	-2.94	1.29
-0.64	-2.84	1.29
-0.64	-2.74	1.29
-0.64	-2.64	1.29
-0.64	-2.54	1.29
-0.64	-2.44	1.29
-0.64	-2.34	1.29
-0.64	-2.24	1.29
-0.64	-2.14	1.29
-0.64	-2.04	1.29
-0.64	-1.94	1.29
-0.64	-1.84	1.29
-0.64	-1.74	1.29
-0.64	-1.64	1.29
-0.64	-1.54	1.29
-0.64	-1.44	1.29
-0.64	-1.34	1.29
-0.64	-1.24	1.29
-0.64	-1.14	1.29
-0.64	-1.04	1.29
-0.64	-0.94	1.29
-0.64	-0.84	1.29
-0.64	-0.74	1.29
-0.64	-0.64	1.29
-0.64	-0.54	1.29
-0.64	-0.44	1.29
-0.64	-0.34	1.29
-0.64	-0.24	1.29
-0.64	-0.14	1.29
-0.64	-0.04	1.29
-0.64	0.06	1.29
-0.64	0.16	1.29
-0.64	0.26	1.29
-0.64	0.36	1.29
-0.64	0.46	1.29
-0.64	0.56	1.29
-0.64	0.66	1.29
-0.64	0.76	1.29
-0.64	0.86	1.29
-0.64	0.96	1.29
-0.64	1.06	1.29
-0.64	1.16	1.29
-0.64	1.26	1.29
-0.64	1.36	1.29
-0.64	1.46	1.29
-0.64	1.56	1.29
-0.64	1.66	1.29
-0.64	1.76	1.29
-0.64	1.86	1.29
-0.64	1.96	1.29
-0.64	2.06	1.29
-0.64	2.16	1.29
-0.64	2.26	1.29
-0.64	2.36	1.29
-0.64	2.46	1.29
-0.64	2.56	1.29
-0.64	2.66	1.29
-0.64	2.76	1.29
-0.64	2.86	1.29
-0.64	2.96	1.29
-0.64	3.06	1.29
-0.54	-3.14	1.45
-0.54	-3.04	1.45
-0.54	-2.94	1.45
-0.54	-2.84	1.45
-0.54	-2.74	1.45
-0.54	-2.64	1.45
-0.54	-2.54	1.45
-0.54	-2.44	1.45
-0.54	-2.34	1.45
-0.54	-2.24	1.45
-0.54	-2.14	1.45
-0.54	-2.04	1.45
-0.54	-1.94	1.45
-0.54	-1.84	1.45
-0.54	-1.74	1.45
-0.54	-1.64	1.45
-0.54	-1.54	1.45
-0.54	-1.44	1.45
-0.54	-1.34	1.45
-0.54	-1.24	1.45
-0.54	-1.14	1.45
-0.54	-1.04	1.45
-0.54	-0.94	1.45
-0.54	-0.84	1.45
-0.54	-0.74	1.45
-0.54	-0.64	1.45
-0.54	-0.54	1.45
-0.54	-0.44	1.45
-0.54	-0.34	1.45
-0.54	-0.24	1.45
-0.54	-0.14	1.45
-0.54	-0.04	1.45
-0.54	0.06	1.45
-0.54	0.16	1.45
-0.54	0.26	1.45
-0.54	0.36	1.45
-0.54	0.46	1.45
-0.54	0.56	1.45
-0.54	0.66	1.45
-0.54	0.76	1.45
-0.54	0.86	1.45
-0.54	0.96	1.45
-0.54	1.06	1.45
-0.54	1.16	1.45
-0.54	1.26	1.45
-0.54	1.36	1.45
-0.54	1.46	1.45
-0.54	1.56	1.45
-0.54	1.66	1.45
-0.54	1.76	1.45
-0.54	1.86	1.45
-0.54	1.96	1.45
-0.54	2.06	1.45
-0.54	2.16	1.45
-0.54	2.26	1.45
-0.54	2.36	1.45
-0.54	2.46	1.45
-0.54	2.56	1.45
-0.54	2.66	1.45
-0.54	2.76	1.45
-0.54	2.86	1.45
-0.54	2.96	1.45
-0.54	3.06	1.45
-0.44	-3.14	1.59
-0.44	-3.04	1.59
-0.44	-2.94	1.59
-0.44	-2.84	1.59
-0.44	-2.74	1.59
-0.44	-2.64	1.59
-0.44	-2.54	1.59
-0.44	-2.44	1.59
-0.44	-2.34	1.59
-0.44	-2.24	1.59
-0.44	-2.14	1.59
-0.44	-2.04	1.59
-0.44	-1.94	1.59
-0.44	-1.84	1.59
-0.44	-1.74	1.59
-0.44	-1.64	1.59
-0.44	-1.54	1.59
-0.44	-1.44	1.59
-0.44	-1.34	1.59
-0.44	-1.24	1.59
-0.44	-1.14	1.59
-0.44	-1.04	1.59
-0.44	-0.94	1.59
-0.44	-0.84	1.59
-0.44	-0.74	1.59
-0.44	-0.64	1.59
-0.44	-0.54	1.59
-0.44	-0.44	1.59
-0.44	-0.34	1.59
-0.44	-0.24	1.59
-0.44	-0.14	1.59
-0.44	-0.04	1.59
-0.44	0.06	1.59
-0.44	0.16	1.59
-0.44	0.26	1.59
-0.44	0.36	1.59
-0.44	0.46	1.59
-0.44	0.56	1.59
-0.44	0.66	1.59
-0.44	0.76	1.59
-0.44	0.86	1.59
-0.44	0.96	1.59
-0.44	1.06	1.59
-0.44	1.16	1.59
-0.44	1.26	1.59
-0.44	1.36	1.59
-0.44	1.46	1.59
-0.44	1.56	1.59
-0.44	1.66	1.59
-0.44	1.76	1.59
-0.44	1.86	1.59
-0.44	1.96	1.59
-0.44	2.06	1.59
-0.44	2.16	1.59
-0.44	2.26	1.59
-0.44	2.36	1.59
-0.44	2.46	1.59
-0.44	2.56	1.59
-0.44	2.66	1.59
-0.44	2.76	1.59
-0.44	2.86	1.59
-0.44	2.96	1.59
-0.44	3.06	1.59
-0.34	-3.14	1.71
-0.34	-3.04	1.71
-0.34	-2.94	1.71
-0.34	-2.84	1.71
-0.34	-2.74	1.71
-0.34	-2.64	1.71
-0.34	-2.54	1.71
-0.34	-2.44	1.71
-0.34	-2.34	1.71
-0.34	-2.24	1.71
-0.34	-2.14	1.71
-0.34	-2.04	1.71
-0.34	-1.94	1.71
-0.34	-1.84	1.71
-0.34	-1.74	1.71
-0.34	-1.64	1.71
-0.34	-1.54	1.71
-0.34	-1.44	1.71
-0.34	-1.34	1.71
-0.34	-1.24	1.71
-0.34	-1.14	1.71
-0.34	-1.04	1.71
-0.34	-0.94	1.71
-0.34	-0.84	1.71
-0.34	-0.74	1.71
-0.34	-0.64	1.71
-0.34	-0.54	1.71
-0.34	-0.44	1.71
-0.34	-0.34	1.71
-0.34	-0.24	1.71
-0.34	-0.14	1.71
-0.34	-0.04	1.71
-0.34	0.06	1.71
-0.34	0.16	1.71
-0.34	0.26	1.71
-0.34	0.36	1.71
-0.34	0.46	1.71
-0.34	0.56	1.71
-0.34	0.66	1.71
-0.34	0.76	1.71
-0.34	0.86	1.71
-0.34	0.96	1.71
-0.34	1.06	1.71
-0.34	1.16	1.71
-0.34	1.26	1.71
-0.34	1.36	1.71
-0.34	1.46	1.71
-0.34	1.56	1.71
-0.34	1.66	1.71
-0.34	1.76	1.71
-0.34	1.86	1.71
-0.34	1.96	1.71
-0.34	2.06	1.71
-0.34	2.16	1.71
-0.34	2.26	1.71
-0.34	2.36	1.71
-0.34	2.46	1.71
-0.34	2.56	1.71
-0.34	2.66	1.71
-0.34	2.76	1.71
-0.34	2.86	1.71
-0.34	2.96	1.71
-0.34	3.06	1.71
-0.24	-3.14	1.82
-0.24	-3.04	1.82
-0.24	-2.94	1.82
-0.24	-2.84	1.82
-0.24	-2.74	1.82
-0.24	-2.64	1.82
-0.24	-2.54	1.82
-0.24	-2.44	1.82
-0.24	-2.34	1.82
-0.24	-2.24	1.82
-0.24	-2.14	1.82
-0.24	-2.04	1.82
-0.24	-1.94	1.82
-0.24	-1.84	1.82
-0.24	-1.74	1.82
-0.24	-1.64	1.82
-0.24	-1.54	1.82
-0.24	-1.44	1.82
-0.24	-1.34	1.82
-0.24	-1.24	1.82
-0.24	-1.14	1.82
-0.24	-1.04	1.82
-0.24	-0.94	1.82
-0.24	-0.84	1.82
-0.24	-0.74	1.82
-0.24	-0.64	1.82
-0.24	-0.54	1.82
-0.24	-0.44	1.82
-0.24	-0.34	1.82
-0.24	-0.24	1.82
-0.24	-0.14	1.82
-0.24	-0.04	1.82
-0.24	0.06	1.82
-0.24	0.16	1.82
-0.24	0.26	1.82
-0.24	0.36	1.82
-0.24	0.46	1.82
-0.24	0.56	1.82
-0.24	0.66	1.82
-0.24	0.76	1.82
-0.24	0.86	1.82
-0.24	0.96	1.82
-0.24	1.06	1.82
-0.24	1.16	1.82
-0.24	1.26	1.82
-0.24	1.36	1.82
-0.24	1.46	1.82
-0.24	1.56	1.82
-0.24	1.66	1.82
-0.24	1.76	1.82
-0.24	1.86	1.82
-0.24	1.96	1.82
-0.24	2.06	1.82
-0.24	2.16	1.82
-0.24	2.26	1.82
-0.24	2.36	1.82
-0.24	2.46	1.82
-0.24	2.56	1.82
-0.24	2.66	1.82
-0.24	2.76	1.82
-0.24	2.86	1.82
-0.24	2.96	1.82
-0.24	3.06	1.82
-0.14	-3.14	1.91
-0.14	-3.04	1.91
-0.14	-2.94	1.91
-0.14	-2.84	1.91
-0.14	-2.74	1.91
-0.14	-2.64	1.91
-0.14	-2.54	1.91
-0.14	-2.44	1.91
-0.14	-2.34	1.91
-0.14	-2.24	1.91
-0.14	-2.14	1.91
-0.14	-2.04	1.91
-0.14	-1.94	1.91
-0.14	-1.84	1.91
-0.14	-1.74	1.91
-0.14	-1.64	1.91
-0.14	-1.54	1.91
-0.14	-1.44	1.91
-0.14	-1.34	1.91
-0.14	-1.24	1.91
-0.14	-1.14	1.91
-0.14	-1.04	1.91
-0.14	-0.94	1.91
-0.14	-0.84	1.91
-0.14	-0.74	1.91
-0.14	-0.64	1.91
-0.14	-0.54	1.91
-0.14	-0.44	1.91
-0.14	-0.34	1.91
-0.14	-0.24	1.91
-0.14	-0.14	1.91
-0.14	-0.04	1.91
-0.14	0.06	1.91
-0.14	0.16	1.91
-0.14	0.26	1.91
-0.14	0.36	1.91
-0.14	0.46	1.91
-0.14	0.56	1.91
-0.14	0.66	1.91
-0.14	0.76	1.91
-0.14	0.86	1.91
-0.14	0.96	1.91
-0.14	1.06	1.91
-0.14	1.16	1.91
-0.14	1.26	1.91
-0.14	1.36	1.91
-0.14	1.46	1.91
-0.14	1.56	1.91
-0.14	1.66	1.91
-0.14	1.76	1.91
-0.14	1.86	1.91
-0.14	1.96	1.91
-0.14	2.06	1.91
-0.14	2.16	1.91
-0.14	2.26	1.91
-0.14	2.36	1.91
-0.14	2.46	1.91
-0.14	2.56	1.91
-0.14	2.66	1.91
-0.14	2.76	1.91
-0.14	2.86	1.91
-0.14	2.96	1.91
-0.14	3.06	1.91
-0.04	-3.14	1.98
-0.04	-3.04	1.98
-0.04	-2.94	1.98
-0.04	-2.84	1.98
-0.04	-2.74	1.98
-0.04	-2.64	1.98
-0.04	-2.54	1.98
-0.04	-2.44	1.98
-0.04	-2.34	1.98
-0.04	-2.24	1.98
-0.04	-2.14	1.98
-0.04	-2.04	1.98
-0.04	-1.94	1.98
-0.04	-1.84	1.98
-0.04	-1.74	1.98
-0.04	-1.64	1.98
-0.04	-1.54	1.98
-0.04	-1.44	1.98
-0.04	-1.34	1.98
-0.04	-1.24	1.98
-0.04	-1.14	1.98
-0.04	-1.04	1.98
-0.04	-0.94	1.98
-0.04	-0.84	1.98
-0.04	-0.74	1.98
-0.04	-0.64	1.98
-0.04	-0.54	1.98
-0.04	-0.44	1.98
-0.04	-0.34	1.98
-0.04	-0.24	1.98
-0.04	-0.14	1.98
-0.04	-0.04	1.98
-0.04	0.06	1.98
-0.04	0.16	1.98
-0.04	0.26	1.98
-0.04	0.36	1.98
-0.04	0.46	1.98
-0.04	0.56	1.98
-0.04	0.66	1.98
-0.04	0.76	1.98
-0.04	0.86	1.98
-0.04	0.96	1.98
-0.04	1.06	1.98
-0.04	1.16	1.98
-0.04	1.26	1.98
-0.04	1.36	1.98
-0.04	1.46	1.98
-0.04	1.56	1.98
-0.04	1.66	1.98
-0.04	1.76	1.98
-0.04	1.86	1.98
-0.04	1.96	1.98
-0.04	2.06	1.98
-0.04	2.16	1.98
-0.04	2.26	1.98
-0.04	2.36	1.98
-0.04	2.46	1.98
-0.04	2.56	1.98
-0.04	2.66	1.98
-0.04	2.76	1.98
-0.04	2.86	1.98
-0.04	2.96	1.98
-0.04	3.06	1.98
0.06	-3.14	2.03
0.06	-3.04	2.03
0.06	-2.94	2.03
0.06	-2.84	2.03
0.06	-2.74	2.03
0.06	-2.64	2.03
0.06	-2.54	2.03
0.06	-2.44	2.03
0.06	-2.34	2.03
0.06	-2.24	2.03
0.06	-2.14	2.03
0.06	-2.04	2.03
0.06	-1.94	2.03
0.06	-1.84	2.03
0.06	-1.74	2.03
0.06	-1.64	2.03
0.06	-1.54	2.03
0.06	-1.44	2.03
0.06	-1.34	2.03
0.06	-1.24	2.03
0.06	-1.14	2.03
0.06	-1.04	2.03
0.06	-0.94	2.03
0.06	-0.84	2.03
0.06	-0.74	2.03
0.06	-0.64	2.03
0.06	-0.54	2.03
0.06	-0.44	2.03
0.06	-0.34	2.03
0.06	-0.24	2.03
0.06	-0.14	2.03
0.06	-0.04	2.03
0.06	0.06	2.03
0.06	0.16	2.03
0.06	0.26	2.03
0.06	0.36	2.03
0.06	0.46	2.03
0.06	0.56	2.03
0.06	0.66	2.03
0.06	0.76	2.03
0.06	0.86	2.03
0.06	0.96	2.03
0.06	1.06	2.03
0.06	1.16	2.03
0.06	1.26	2.03
0.06	1.36	2.03
0.06	1.46	2.03
0.06	1.56	2.03
0.06	1.66	2.03
0.06	1.76	2.03
0.06	1.86	2.03
0.06	1.96	2.03
0.06	2.06	2.03
0.06	2.16	2.03
0.06	2.26	2.03
0.06	2.36	2.03
0.06	2.46	2.03
0.06	2.56	2.03
0.06	2.66	2.03
0.06	2.76	2.03
0.06	2.86	2.03
0.06	2.96	2.03
0.06	3.06	2.03
0.16	-3.14	2.05
0.16	-3.04	2.05
0.16	-2.94	2.05
0.16	-2.84	2.05
0.16	-2.74	2.05
0.16	-2.64	2.05
0.16	-2.54	2.05
0.16	-2.44	2.05
0.16	-2.34	2.05
0.16	-2.24	2.05
0.16	-2.14	2.05
0.16	-2.04	2.05
0.16	-1.94	2.05
0.16	-1.84	2.05
0.16	-1.74	2.05
0.16	-1.64	2.05
0.16	-1.54	2.05
0.16	-1.44	2.05
0.16	-1.34	2.05
0.16	-1.24	2.05
0.16	-1.14	2.05
0.16	-1.04	2.05
0.16	-0.94	2.05
0.16	-0.84	2.05
0.16	-0.74	2.05
0.16	-0.64	2.05
0.16	-0.54	2.05
0.16	-0.44	2.05
0.16	-0.34	2.05
0.16	-0.24	2.05
0.16	-0.14	2.05
0.16	-0.04	2.05
0.16	0.06	2.05
0.16	0.16	2.05
0.16	0.26	2.05
0.16	0.36	2.05
0.16	0.46	2.05
0.16	0.56	2.05
0.16	0.66	2.05
0.16	0.76	2.05
0.16	0.86	2.05
0.16	0.96	2.05
0.16	1.06	2.05
0.16	1.16	2.05
0.16	1.26	2.05
0.16	1.36	2.05
0.16	1.46	2.05
0.16	1.56	2.05
0.16	1.66	2.05
0.16	1.76	2.05
0.16	1.86	2.05
0.16	1.96	2.05
0.16	2.06	2.05
0.16	2.16	2.05
0.16	2.26	2.05
0.16	2.36	2.05
0.16	2.46	2.05
0.16	2.56	2.05
0.16	2.66	2.05
0.16	2.76	2.05
0.16	2.86	2.05
0.16	2.96	2.05
0.16	3.06	2.05
0.26	-3.14	2.06
0.26	-3.04	2.06
0.26	-2.94	2.06
0.26	-2.84	2.06
0.26	-2.74	2.06
0.26	-2.64	2.06
0.26	-2.54	2.06
0.26	-2.44	2.06
0.26	-2.34	2.06
0.26	-2.24	2.06
0.26	-2.14	2.06
0.26	-2.04	2.06
0.26	-1.94	2.06
0.26	-1.84	2.06
0.26	-1.74	2.06
0.26	-1.64	2.06
0.26	-1.54	2.06
0.26	-1.44	2.06
0.26	-1.34	2.06
0.26	-1.24	2.06
0.26	-1.14	2.06
0.26	-1.04	2.06
0.26	-0.94	2.06
0.26	-0.84	2.06
0.26	-0.74	2.06
0.26	-0.64	2.06
0.26	-0.54	2.06
0.26	-0.44	2.06
0.26	-0.34	2.06
0.26	-0.24	2.06
0.26	-0.14	2.06
0.26	-0.04	2.06
0.26	0.06	2.06
0.26	0.16	2.06
0.26	0.26	2.06
0.26	0.36	2.06
0.26	0.46	2.06
0.26	0.56	2.06
0.26	0.66	2.06
0.26	0.76	2.06
0.26	0.86	2.06
0.26	0.96	2.06
0.26	1.06	2.06
0.26	1.16	2.06
0.26	1.26	2.06
0.26	1.36	2.06
0.26	1.46	2.06
0.26	1.56	2.06
0.26	1.66	2.06
0.26	1.76	2.06
0.26	1.86	2.06
0.26	1.96	2.06
0.26	2.06	2.06
0.26	2.16	2.06
0.26	2.26	2.06
0.26	2.36	2.06
0.26	2.46	2.06
0.26	2.56	2.06
0.26	2.66	2.06
0.26	2.76	2.06
0.26	2.86	2.06
0.26	2.96	2.06
0.26	3.06	2.06
0.36	-3.14	2.05
0.36	-3.04	2.05
0.36	-2.94	2.05
0.36	-2.84	2.05
0.36	-2.74	2.05
0.36	-2.64	2.05
0.36	-2.54	2.05
0.36	-2.44	2.05
0.36	-2.34	2.05
0.36	-2.24	2.05
0.36	-2.14	2.05
0.36	-2.04	2.05
0.36	-1.94	2.05
0.36	-1.84	2.05
0.36	-1.74	2.05
0.36	-1.64	2.05
0.36	-1.54	2.05
0.36	-1.44	2.05
0.36	-1.34	2.05
0.36	-1.24	2.05
0.36	-1.14	2.05
0.36	-1.04	2.05
0.36	-0.94	2.05
0.36	-0.84	2.05
0.36	-0.74	2.05
0.36	-0.64	2.05
0.36	-0.54	2.05
0.36	-0.44	2.05
0.36	-0.34	2.05
0.36	-0.24	2.05
0.36	-0.14	2.05
0.36	-0.04	2.05
0.36	0.06	2.05
0.36	0.16	2.05
0.36	0.26	2.05
0.36	0.36	2.05
0.36	0.46	2.05
0.36	0.56	2.05
0.36	0.66	2.05
0.36	0.76	2.05
0.36	0.86	2.05
0.36	0.96	2.05
0.36	1.06	2.05
0.36	1.16	2.05
0.36	1.26	2.05
0.36	1.36	2.05
0.36	1.46	2.05
0.36	1.56	2.05
0.36	1.66	2.05
0.36	1.76	2.05
0.36	1.86	2.05
0.36	1.96	2.05
0.36	2.06	2.05
0.36	2.16	2.05
0.36	2.26	2.05
0.36	2.36	2.05
0.36	2.46	2.05
0.36	2.56	2.05
0.36	2.66	2.05
0.36	2.76	2.05
0.36	2.86	2.05
0.36	2.96	2.05
0.36	3.06	2.05
0.46	-3.14	2.02
0.46	-3.04	2.02
0.46	-2.94	2.02
0.46	-2.84	2.02
0.46	-2.74	2.02
0.46	-2.64	2.02
0.46	-2.54	2.02
0.46	-2.44	2.02
0.46	-2.34	2.02
0.46	-2.24	2.02
0.46	-2.14	2.02
0.46	-2.04	2.02
0.46	-1.94	2.02
0.46	-1.84	2.02
0.46	-1.74	2.02
0.46	-1.64	2.02
0.46	-1.54	2.02
0.46	-1.44	2.02
0.46	-1.34	2.02
0.46	-1.24	2.02
0.46	-1.14	2.02
0.46	-1.04	2.02
0.46	-0.94	2.02
0.46	-0.84	2.02
0.46	-0.74	2.02
0.46	-0.64	2.02
0.46	-0.54	2.02
0.46	-0.44	2.02
0.46	-0.34	2.02
0.46	-0.24	2.02
0.46	-0.14	2.02
0.46	-0.04	2.02
0.46	0.06	2.02
0.46	0.16	2.02
0.46	0.26	2.02
0.46	0.36	2.02
0.46	0.46	2.02
0.46	0.56	2.02
0.46	0.66	2.02
0.46	0.76	2.02
0.46	0.86	2.02
0.46	0.96	2.02
0.46	1.06	2.02
0.46	1.16	2.02
0.46	1.26	2.02
0.46	1.36	2.02
0.46	1.46	2.02
0.46	1.56	2.02
0.46	1.66	2.02
0.46	1.76	2.02
0.46	1.86	2.02
0.46	1.96	2.02
0.46	2.06	2.02
0.46	2.16	2.02
0.46	2.26	2.02
0.46	2.36	2.02
0.46	2.46	2.02
0.46	2.56	2.02
0.46	2.66	2.02
0.46	2.76	2.02
0.46	2.86	2.02
0.46	2.96	2.02
0.46	3.06	2.02
0.56	-3.14	1.97
0.56	-3.04	1.97
0.56	-2.94	1.97
0.56	-2.84	1.97
0.56	-2.74	1.97
0.56	-2.64	1.97
0.56	-2.54	1.97
0.56	-2.44	1.97
0.56	-2.34	1.97
0.56	-2.24	1.97
0.56	-2.14	1.97
0.56	-2.04	1.97
0.56	-1.94	1.97
0.56	-1.84	1.97
0.56	-1.74	1.97
0.56	-1.64	1.97
0.56	-1.54	1.97
0.56	-1.44	1.97
0.56	-1.34	1.97
0.56	-1.24	1.97
0.56	-1.14	1.97
0.56	-1.04	1.97
0.56	-0.94	1.97
0.56	-0.84	1.97
0.56	-0.74	1.97
0.56	-0.64	1.97
0.56	-0.54	1.97
0.56	-0.44	1.97
0.56	-0.34	1.97
0.56	-0.24	1.97
0.56	-0.14	1.97
0.56	-0.04	1.97
0.56	0.06	1.97
0.56	0.16	1.97
0.56	0.26	1.97
0.56	0.36	1.97
0.56	0.46	1.97
0.56	0.56	1.97
0.56	0.66	1.97
0.56	0.76	1.97
0.56	0.86	1.97
0.56	0.96	1.97
0.56	1.06	1.97
0.56	1.16	1.97
0.56	1.26	1.97
0.56	1.36	1.97
0.56	1.46	1.97
0.56	1.56	1.97
0.56	1.66	1.97
0.56	1.76	1.97
0.56	1.86	1.97
0.56	1.96	1.97
0.56	2.06	1.97
0.56	2.16	1.97
0.56	2.26	1.97
0.56	2.36	1.97
0.56	2.46	1.97
0.56	2.56	1.97
0.56	2.66	1.97
0.56	2.76	1.97
0.56	2.86	1.97
0.56	2.96	1.97
0.56	3.06	1.97
0.66	-3.14	1.91
0.66	-3.04	1.91
0.66	-2.94	1.91
0.66	-2.84	1.91
0.66	-2.74	1.91
0.66	-2.64	1.91
0.66	-2.54	1.91
0.66	-2.44	1.91
0.66	-2.34	1.91
0.66	-2.24	1.91
0.66	-2.14	1.91
0.66	-2.04	1.91
0.66	-1.94	1.91
0.66	-1.84	1.91
0.66	-1.74	1.91
0.66	-1.64	1.91
0.66	-1.54	1.91
0.66	-1.44	1.91
0.66	-1.34	1.91
0.66	-1.24	1.91
0.66	-1.14	1.91
0.66	-1.04	1.91
0.66	-0.94	1.91
0.66	-0.84	1.91
0.66	-0.74	1.91
0.66	-0.64	1.91
0.66	-0.54	1.91
0.66	-0.44	1.91
0.66	-0.34	1.91
0.66	-0.24	1.91
0.66	-0.14	1.91
0.66	-0.04	1.91
0.66	0.06	1.91
0.66	0.16	1.91
0.66	0.26	1.91
0.66	0.36	1.91
0.66	0.46	1.91
0.66	0.56	1.91
0.66	0.66	1.91
0.66	0.76	1.91
0.66	0.86	1.91
0.66	0.96	1.91
0.66	1.06	1.91
0.66	1.16	1.91
0.66	1.26	1.91
0.66	1.36	1.91
0.66	1.46	1.91
0.66	1.56	1.91
0.66	1.66	1.91
0.66	1.76	1.91
0.66	1.86	1.91
0.66	1.96	1.91
0.66	2.06	1.91
0.66	2.16	1.91
0.66	2.26	1.91
0.66	2.36	1.91
0.66	2.46	1.91
0.66	2.56	1.91
0.66	2.66	1.91
0.66	2.76	1.91
0.66	2.86	1.91
0.66	2.96	1.91
0.66	3.06	1.91
0.76	-3.14	1.82
0.76	-3.04	1.82
0.76	-2.94	1.82
0.76	-2.84	1.82
0.76	-2.74	1.82
0.76	-2.64	1.82
0.76	-2.54	1.82
0.76	-2.44	1.82
0.76	-2.34	1.82
0.76	-2.24	1.82
0.76	-2.14	1.82
0.76	-2.04	1.82
0.76	-1.94	1.82
0.76	-1.84	1.82
0.76	-1.74	1.82
0.76	-1.64	1.82
0.76	-1.54	1.82
0.76	-1.44	1.82
0.76	-1.34	1.82
0.76	-1.24	1.82
0.76	-1.14	1.82
0.76	-1.04	1.82
0.76	-0.94	1.82
0.76	-0.84	1.82
0.76	-0.74	1.82
0.76	-0.64	1.82
0.76	-0.54	1.82
0.76	-0.44	1.82
0.76	-0.34	1.82
0.76	-0.24	1.82
0.76	-0.14	1.82
0.76	-0.04	1.82
0.76	0.06	1.82
0.76	0.16	1.82
0.76	0.26	1.82
0.76	0.36	1.82
0.76	0.46	1.82
0.76	0.56	1.82
0.76	0.66	1.82
0.76	0.76	1.82
0.76	0.86	1.82
0.76	0.96	1.82
0.76	1.06	1.82
0.76	1.16	1.82
0.76	1.26	1.82
0.76	1.36	1.82
0.76	1.46	1.82
0.76	1.56	1.82
0.76	1.66	1.82
0.76	1.76	1.82
0.76	1.86	1.82
0.76	1.96	1.82
0.76	2.06	1.82
0.76	2.16	1.82
0.76	2.26	1.82
0.76	2.36	1.82
0.76	2.46	1.82
0.76	2.56	1.82
0.76	2.66	1.82
0.76	2.76	1.82
0.76	2.86	1.82
0.76	2.96	1.82
0.76	3.06	1.82
0.86	-3.14	1.72
0.86	-3.04	1.72
0.86	-2.94	1.72
0.86	-2.84	1.72
0.86	-2.74	1.72
0.86	-2.64	1.72
0.86	-2.54	1.72
0.86	-2.44	1.72
0.86	-2.34	1.72
0.86	-2.24	1.72
0.86	-2.14	1.72
0.86	-2.04	1.72
0.86	-1.94	1.72
0.86	-1.84	1.72
0.86	-1.74	1.72
0.86	-1.64	1.72
0.86	-1.54	1.72
0.86	-1.44	1.72
0.86	-1.34	1.72
0.86	-1.24	1.72
0.86	-1.14	1.72
0.86	-1.04	1.72
0.86	-0.94	1.72
0.86	-0.84	1.72
0.86	-0.74	1.72
0.86	-0.64	1.72
0.86	-0.54	1.72
0.86	-0.44	1.72
0.86	-0.34	1.72
0.86	-0.24	1.72
0.86	-0.14	1.72
0.86	-0.04	1.72
0.86	0.06	1.72
0.86	0.16	1.72
0.86	0.26	1.72
0.86	0.36	1.72
0.86	0.46	1.72
0.86	0.56	1.72
0.86	0.66	1.72
0.86	0.76	1.72
0.86	0.86	1.72
0.86	0.96	1.72
0.86	1.06	1.72
0.86	1.16	1.72
0.86	1.26	1.72
0.86	1.36	1.72
0.86	1.46	1.72
0.86	1.56	1.72
0.86	1.66	1.72
0.86	1.76	1.72
0.86	1.86	1.72
0.86	1.96	1.72
0.86	2.06	1.72
0.86	2.16	1.72
0.86	2.26	1.72
0.86	2.36	1.72
0.86	2.46	1.72
0.86	2.56	1.72
0.86	2.66	1.72
0.86	2.76	1.72
0.86	2.86	1.72
0.86	2.96	1.72
0.86	3.06	1.72
0.96	-3.14	1.61
0.96	-3.04	1.61
0.96	-2.94	1.61
0.96	-2.84	1.61
0.96	-2.74	1.61
0.96	-2.64	1.61
0.96	-2.54	1.61
0.96	-2.44	1.61
0.96	-2.34	1.61
0.96	-2.24	1.61
0.96	-2.14	1.61
0.96	-2.04	1.61
0.96	-1.94	1.61
0.96	-1.84	1.61
0.96	-1.74	1.61
0.96	-1.64	1.61
0.96	-1.54	1.61
0.96	-1.44	1.61
0.96	-1.34	1.61
0.96	-1.24	1.61
0.96	-1.14	1.61
0.96	-1.04	1.61
0.96	-0.94	1.61
0.96	-0.84	1.61
0.96	-0.74	1.61
0.96	-0.64	1.61
0.96	-0.54	1.61
0.96	-0.44	1.61
0.96	-0.34	1.61
0.96	-0.24	1.61
0.96	-0.14	1.61
0.96	-0.04	1.61
0.96	0.06	1.61
0.96	0.16	1.61
0.96	0.26	1.61
0.96	0.36	1.61
0.96	0.46	1.61
0.96	0.56	1.61
0.96	0.66	1.61
0.96	0.76	1.61
0.96	0.86	1.61
0.96	0.96	1.61
0.96	1.06	1.61
0.96	1.16	1.61
0.96	1.26	1.61
0.96	1.36	1.61
0.96	1.46	1.61
0.96	1.56	1.61
0.96	1.66	1.61
0.96	1.76	1.61
0.96	1.86	1.61
0.96	1.96	1.61
0.96	2.06	1.61
0.96	2.16	1.61
0.96	2.26	1.61
0.96	2.36	1.61
0.96	2.46	1.61
0.96	2.56	1.61
0.96	2.66	1.61
0.96	2.76	1.61
0.96	2.86	1.61
0.96	2.96	1.61
0.96	3.06	1.61
1.06	-3.14	1.49
1.06	-3.04	1.49
1.06	-2.94	1.49
1.06	-2.84	1.49
1.06	-2.74	1.49
1.06	-2.64	1.49
1.06	-2.54	1.49
1.06	-2.44	1.49
1.06	-2.34	1.49
1.06	-2.24	1.49
1.06	-2.14	1.49
1.06	-2.04	1.49
1.06	-1.94	1.49
1.06	-1.84	1.49
1.06	-1.74	1.49
1.06	-1.64	1.49
1.06	-1.54	1.49
1.06	-1.44	1.49
1.06	-1.34	1.49
1.06	-1.24	1.49
1.06	-1.14	1.49
1.06	-1.04	1.49
1.06	-0.94	1.49
1.06	-0.84	1.49
1.06	-0.74	1.49
1.06	-0.64	1.49
1.06	-0.54	1.49
1.06	-0.44	1.49
1.06	-0.34	1.49
1.06	-0.24	1.49
1.06	-0.14	1.49
1.06	-0.04	1.49
1.06	0.06	1.49
1.06	0.16	1.49
1.06	0.26	1.49
1.06	0.36	1.49
1.06	0.46	1.49
1.06	0.56	1.49
1.06	0.66	1.49
1.06	0.76	1.49
1.06	0.86	1.49
1.06	0.96	1.49
1.06	1.06	1.49
1.06	1.16	1.49
1.06	1.26	1.49
1.06	1.36	1.49
1.06	1.46	1.49
1.06	1.56	1.49
1.06	1.66	1.49
1.06	1.76	1.49
1.06	1.86	1.49
1.06	1.96	1.49
1.06	2.06	1.49
1.06	2.16	1.49
1.06	2.26	1.49
1.06	2.36	1.49
1.06	2.46	1.49
1.06	2.56	1.49
1.06	2.66	1.49
1.06	2.76	1.49
1.06	2.86	1.49
1.06	2.96	1.49
1.06	3.06	1.49
1.16	-3.14	1.35
1.16	-3.04	1.35
1.16	-2.94	1.35
1.16	-2.84	1.35
1.16	-2.74	1.35
1.16	-2.64	1.35
1.16	-2.54	1.35
1.16	-2.44	1.35
1.16	-2.34	1.35
1.16	-2.24	1.35
1.16	-2.14	1.35
1.16	-2.04	1.35
1.16	-1.94	1.35
1.16	-1.84	1.35
1.16	-1.74	1.35
1.16	-1.64	1.35
1.16	-1.54	1.35
1.16	-1.44	1.35
1.16	-1.34	1.35
1.16	-1.24	1.35
1.16	-1.14	1.35
1.16	-1.04	1.35
1.16	-0.94	1.35
1.16	-0.84	1.35
1.16	-0.74	1.35
1.16	-0.64	1.35
1.16	-0.54	1.35
1.16	-0.44	1.35
1.16	-0.34	1.35
1.16	-0.24	1.35
1.16	-0.14	1.35
1.16	-0.04	1.35
1.16	0.06	1.35
1.16	0.16	1.35
1.16	0.26	1.35
1.16	0.36	1.35
1.16	0.46	1.35
1.16	0.56	1.35
1.16	0.66	1.35
1.16	0.76	1.35
1.16	0.86	1.35
1.16	0.96	1.35
1.16	1.06	1.35
1.16	1.16	1.35
1.16	1.26	1.35
1.16	1.36	1.35
1.16	1.46	1.35
1.16	1.56	1.35
1.16	1.66	1.35
1.16	1.76	1.35
1.16	1.86	1.35
1.16	1.96	1.35
1.16	2.06	1.35
1.16	2.16	1.35
1.16	2.26	1.35
1.16	2.36	1.35
1.16	2.46	1.35
1.16	2.56	1.35
1.16	2.66	1.35
1.16	2.76	1.35
1.16	2.86	1.35
1.16	2.96	1.35
1.16	3.06	1.35
1.26	-3.14	1.20
1.26	-3.04	1.20
1.26	-2.94	1.20
1.26	-2.84	1.20
1.26	-2.74	1.20
1.26	-2.64	1.20
1.26	-2.54	1.20
1.26	-2.44	1.20
1.26	-2.34	1.20
1.26	-2.24	1.20
1.26	-2.14	1.20
1.26	-2.04	1.20
1.26	-1.94	1.20
1.26	-1.84	1.20
1.26	-1.74	1.20
1.26	-1.64	1.20
1.26	-1.54	1.20
1.26	-1.44	1.20
1.26	-1.34	1.20
1.26	-1.24	1.20
1.26	-1.14	1.20
1.26	-1.04	1.20
1.26	-0.94	1.20
1.26	-0.84	1.20
1.26	-0.74	1.20
1.26	-0.64	1.20
1.26	-0.54	1.20
1.26	-0.44	1.20
1.26	-0.34	1.20
1.26	-0.24	1.20
1.26	-0.14	1.20
1.26	-0.04	1.20
1.26	0.06	1.20
1.26	0.16	1.20
1.26	0.26	1.20
1.26	0.36	1.20
1.26	0.46	1.20
1.26	0.56	1.20
1.26	0.66	1.20
1.26	0.76	1.20
1.26	0.86	1.20
1.26	0.96	1.20
1.26	1.06	1.20
1.26	1.16	1.20
1.26	1.26	1.20
1.26	1.36	1.20
1.26	1.46	1.20
1.26	1.56	1.20
1.26	1.66	1.20
1.26	1.76	1.20
1.26	1.86	1.20
1.26	1.96	1.20
1.26	2.06	1.20
1.26	2.16	1.20
1.26	2.26	1.20
1.26	2.36	1.20
1.26	2.46	1.20
1.26	2.56	1.20
1.26	2.66	1.20
1.26	2.76	1.20
1.26	2.86	1.20
1.26	2.96	1.20
1.26	3.06	1.20
1.36	-3.14	1.05
1.36	-3.04	1.05
1.36	-2.94	1.05
1.36	-2.84	1.05
1.36	-2.74	1.05
1.36	-2.64	1.05
1.36	-2.54	1.05
1.36	-2.44	1.05
1.36	-2.34	1.05
1.36	-2.24	1.05
1.36	-2.14	1.05
1.36	-2.04	1.05
1.36	-1.94	1.05
1.36	-1.84	1.05
1.36	-1.74	1.05
1.36	-1.64	1.05
1.36	-1.54	1.05
1.36	-1.44	1.05
1.36	-1.34	1.05
1.36	-1.24	1.05
1.36	-1.14	1.05
1.36	-1.04	1.05
1.36	-0.94	1.05
1.36	-0.84	1.05
1.36	-0.74	1.05
1.36	-0.64	1.05
1.36	-0.54	1.05
1.36	-0.44	1.05
1.36	-0.34	1.05
1.36	-0.24	1.05
1.36	-0.14	1.05
1.36	-0.04	1.05
1.36	0.06	1.05
1.36	0.16	1.05
1.36	0.26	1.05
1.36	0.36	1.05
1.36	0.46	1.05
1.36	0.56	1.05
1.36	0.66	1.05
1.36	0.76	1.05
1.36	0.86	1.05
1.36	0.96	1.05
1.36	1.06	1.05
1.36	1.16	1.05
1.36	1.26	1.05
1.36	1.36	1.05
1.36	1.46	1.05
1.36	1.56	1.05
1.36	1.66	1.05
1.36	1.76	1.05
1.36	1.86	1.05
1.36	1.96	1.05
1.36	2.06	1.05
1.36	2.16	1.05
1.36	2.26	1.05
1.36	2.36	1.05
1.36	2.46	1.05
1.36	2.56	1.05
1.36	2.66	1.05
1.36	2.76	1.05
1.36	2.86	1.05
1.36	2.96	1.05
1.36	3.06	1.05
1.46	-3.14	0.89
1.46	-3.04	0.89
1.46	-2.94	0.89
1.46	-2.84	0.89
1.46	-2.74	0.89
1.46	-2.64	0.89
1.46	-2.54	0.89
1.46	-2.44	0.89
1.46	-2.34	0.89
1.46	-2.24	0.89
1.46	-2.14	0.89
1.46	-2.04	0.89
1.46	-1.94	0.89
1.46	-1.84	0.89
1.46	-1.74	0.89
1.46	-1.64	0.89
1.46	-1.54	0.89
1.46	-1.44	0.89
1.46	-1.34	0.89
1.46	-1.24	0.89
1.46	-1.14	0.89
1.46	-1.04	0.89
1.46	-0.94	0.89
1.46	-0.84	0.89
1.46	-0.74	0.89
1.46	-0.64	0.89
1.46	-0.54	0.89
1.46	-0.44	0.89
1.46	-0.34	0.89
1.46	-0.24	0.89
1.46	-0.14	0.89
1.46	-0.04	0.89
1.46	0.06	0.89
1.46	0.16	0.89
1.46	0.26	0.89
1.46	0.36	0.89
1.46	0.46	0.89
1.46	0.56	0.89
1.46	0.66	0.89
1.46	0.76	0.89
1.46	0.86	0.89
1.46	0.96	0.89
1.46	1.06	0.89
1.46	1.16	0.89
1.46	1.26	0.89
1.46	1.36	0.89
1.46	1.46	0.89
1.46	1.56	0.89
1.46	1.66	0.89
1.46	1.76	0.89
1.46	1.86	0.89
1.46	1.96	0.89
1.46	2.06	0.89
1.46	2.16	0.89
1.46	2.26	0.89
1.46	2.36	0.89
1.46	2.46	0.89
1.46	2.56	0.89
1.46	2.66	0.89
1.46	2.76	0.89
1.46	2.86	0.89
1.46	2.96	0.89
1.46	3.06	0.89
1.56	-3.14	0.73
1.56	-3.04	0.73
1.56	-2.94	0.73
1.56	-2.84	0.73
1.56	-2.74	0.73
1.56	-2.64	0.73
1.56	-2.54	0.73
1.56	-2.44	0.73
1.56	-2.34	0.73
1.56	-2.24	0.73
1.56	-2.14	0.73
1.56	-2.04	0.73
1.56	-1.94	0.73
1.56	-1.84	0.73
1.56	-1.74	0.73
1.56	-1.64	0.73
1.56	-1.54	0.73
1.56	-1.44	0.73
1.56	-1.34	0.73
1.56	-1.24	0.73
1.56	-1.14	0.73
1.56	-1.04	0.73
1.56	-0.94	0.73
1.56	-0.84	0.73
1.56	-0.74	0.73
1.56	-0.64	0.73
1.56	-0.54	0.73
1.56	-0.44	0.73
1.56	-0.34	0.73
1.56	-0.24	0.73
1.56	-0.14	0.73
1.56	-0.04	0.73
1.56	0.06	0.73
1.56	0.16	0.73
1.56	0.26	0.73
1.56	0.36	0.73
1.56	0.46	0.73
1.56	0.56	0.73
1.56	0.66	0.73
1.56	0.76	0.73
1.56	0.86	0.73
1.56	0.96	0.73
1.56	1.06	0.73
1.56	1.16	0.73
1.56	1.26	0.73
1.56	1.36	0.73
1.56	1.46	0.73
1.56	1.56	0.73
1.56	1.66	0.73
1.56	1.76	0.73
1.56	1.86	0.73
1.56	1.96	0.73
1.56	2.06	0.73
1.56	2.16	0.73
1.56	2.26	0.73
1.56	2.36	0.73
1.56	2.46	0.73
1.56	2.56	0.73
1.56	2.66	0.73
1.56	2.76	0.73
1.56	2.86	0.73
1.56	2.96	0.73
1.56	3.06	0.73
1.66	-3.14	0.56
1.66	-3.04	0.56
1.66	-2.94	0.56
1.66	-2.84	0.56
1.66	-2.74	0.56
1.66	-2.64	0.56
1.66	-2.54	0.56
1.66	-2.44	0.56
1.66	-2.34	0.56
1.66	-2.24	0.56
1.66	-2.14	0.56
1.66	-2.04	0.56
1.66	-1.94	0.56
1.66	-1.84	0.56
1.66	-1.74	0.56
1.66	-1.64	0.56
1.66	-1.54	0.56
1.66	-1.44	0.56
1.66	-1.34	0.56
1.66	-1.24	0.56
1.66	-1.14	0.56
1.66	-1.04	0.56
1.66	-0.94	0.56
1.66	-0.84	0.56
1.66	-0.74	0.56
1.66	-0.64	0.56
1.66	-0.54	0.56
1.66	-0.44	0.56
1.66	-0.34	0.56
1.66	-0.24	0.56
1.66	-0.14	0.56
1.66	-0.04	0.56
1.66	0.06	0.56
1.66	0.16	0.56
1.66	0.26	0.56
1.66	0.36	0.56
1.66	0.46	0.56
1.66	0.56	0.56
1.66	0.66	0.56
1.66	0.76	0.56
1.66	0.86	0.56
1.66	0.96	0.56
1.66	1.06	0.56
1.66	1.16	0.56
1.66	1.26	0.56
1.66	1.36	0.56
1.66	1.46	0.56
1.66	1.56	0.56
1.66	1.66	0.56
1.66	1.76	0.56
1.66	1.86	0.56
1.66	1.96	0.56
1.66	2.06	0.56
1.66	2.16	0.56
1.66	2.26	0.56
1.66	2.36	0.56
1.66	2.46	0.56
1.66	2.56	0.56
1.66	2.66	0.56
1.66	2.76	0.56
1.66	2.86	0.56
1.66	2.96	0.56
1.66	3.06	0.56
1.76	-3.14	0.40
1.76	-3.04	0.40
1.76	-2.94	0.40
1.76	-2.84	0.40
1.76	-2.74	0.40
1.76	-2.64	0.40
1.76	-2.54	0.40
1.76	-2.44	0.40
1.76	-2.34	0.40
1.76	-2.24	0.40
1.76	-2.14	0.40
1.76	-2.04	0.40
1.76	-1.94	0.40
1.76	-1.84	0.40
1.76	-1.74	0.40
1.76	-1.64	0.40
1.76	-1.54	0.40
1.76	-1.44	0.40
1.76	-1.34	0.40
1.76	-1.24	0.40
1.76	-1.14	0.40
1.76	-1.04	0.40
1.76	-0.94	0.40
1.76	-0.84	0.40
1.76	-0.74	0.40
1.76	-0.64	0.40
1.76	-0.54	0.40
1.76	-0.44	0.40
1.76	-0.34	0.40
1.76	-0.24	0.40
1.76	-0.14	0.40
1.76	-0.04	0.40
1.76	0.06	0.40
1.76	0.16	0.40
1.76	0.26	0.40
1.76	0.36	0.40
1.76	0.46	0.40
1.76	0.56	0.40
1.76	0.66	0.40
1.76	0.76	0.40
1.76	0.86	0.40
1.76	0.96	0.40
1.76	1.06	0.40
1.76	1.16	0.40
1.76	1.26	0.40
1.76	1.36	0.40
1.76	1.46	0.40
1.76	1.56	0.40
1.76	1.66	0.40
1.76	1.76	0.40
1.76	1.86	0.40
1.76	1.96	0.40
1.76	2.06	0.40
1.76	2.16	0.40
1.76	2.26	0.40
1.76	2.36	0.40
1.76	2.46	0.40
1.76	2.56	0.40
1.76	2.66	0.40
1.76	2.76	0.40
1.76	2.86	0.40
1.76	2.96	0.40
1.76	3.06	0.40
1.86	-3.14	0.23
1.86	-3.04	0.23
1.86	-2.94	0.23
1.86	-2.84	0.23
1.86	-2.74	0.23
1.86	-2.64	0.23
1.86	-2.54	0.23
1.86	-2.44	0.23
1.86	-2.34	0.23
1.86	-2.24	0.23
1.86	-2.14	0.23
1.86	-2.04	0.23
1.86	-1.94	0.23
1.86	-1.84	0.23
1.86	-1.74	0.23
1.86	-1.64	0.23
1.86	-1.54	0.23
1.86	-1.44	0.23
1.86	-1.34	0.23
1.86	-1.24	0.23
1.86	-1.14	0.23
1.86	-1.04	0.23
1.86	-0.94	0.23
1.86	-0.84	0.23
1.86	-0.74	0.23
1.86	-0.64	0.23
1.86	-0.54	0.23
1.86	-0.44	0.23
1.86	-0.34	0.23
1.86	-0.24	0.23
1.86	-0.14	0.23
1.86	-0.04	0.23
1.86	0.06	0.23
1.86	0.16	0.23
1.86	0.26	0.23
1.86	0.36	0.23
1.86	0.46	0.23
1.86	0.56	0.23
1.86	0.66	0.23
1.86	0.76	0.23
1.86	0.86	0.23
1.86	0.96	0.23
1.86	1.06	0.23
1.86	1.16	0.23
1.86	1.26	0.23
1.86	1.36	0.23
1.86	1.46	0.23
1.86	1.56	0.23
1.86	1.66	0.23
1.86	1.76	0.23
1.86	1.86	0.23
1.86	1.96	0.23
1.86	2.06	0.23
1.86	2.16	0.23
1.86	2.26	0.23
1.86	2.36	0.23
1.86	2.46	0.23
1.86	2.56	0.23
1.86	2.66	0.23
1.86	2.76	0.23
1.86	2.86	0.23
1.86	2.96	0.23
1.86	3.06	0.23
1.96	-3.14	0.07
1.96	-3.04	0.07
1.96	-2.94	0.07
1.96	-2.84	0.07
1.96	-2.74	0.07
1.96	-2.64	0.07
1.96	-2.54	0.07
1.96	-2.44	0.07
1.96	-2.34	0.07
1.96	-2.24	0.07
1.96	-2.14	0.07
1.96	-2.04	0.07
1.96	-1.94	0.07
1.96	-1.84	0.07
1.96	-1.74	0.07
1.96	-1.64	0.07
1.96	-1.54	0.07
1.96	-1.44	0.07
1.96	-1.34	0.07
1.96	-1.24	0.07
1.96	-1.14	0.07
1.96	-1.04	0.07
1.96	-0.94	0.07
1.96	-0.84	0.07
1.96	-0.74	0.07
1.96	-0.64	0.07
1.96	-0.54	0.07
1.96	-0.44	0.07
1.96	-0.34	0.07
1.96	-0.24	0.07
1.96	-0.14	0.07
1.96	-0.04	0.07
1.96	0.06	0.07
1.96	0.16	0.07
1.96	0.26	0.07
1.96	0.36	0.07
1.96	0.46	0.07
1.96	0.56	0.07
1.96	0.66	0.07
1.96	0.76	0.07
1.96	0.86	0.07
1.96	0.96	0.07
1.96	1.06	0.07
1.96	1.16	0.07
1.96	1.26	0.07
1.96	1.36	0.07
1.96	1.46	0.07
1.96	1.56	0.07
1.96	1.66	0.07
1.96	1.76	0.07
1.96	1.86	0.07
1.96	1.96	0.07
1.96	2.06	0.07
1.96	2.16	0.07
1.96	2.26	0.07
1.96	2.36	0.07
1.96	2.46	0.07
1.96	2.56	0.07
1.96	2.66	0.07
1.96	2.76	0.07
1.96	2.86	0.07
1.96	2.96	0.07
1.96	3.06	0.07
2.06	-3.14	-0.08
2.06	-3.04	-0.08
2.06	-2.94	-0.08
2.06	-2.84	-0.08
2.06	-2.74	-0.08
2.06	-2.64	-0.08
2.06	-2.54	-0.08
2.06	-2.44	-0.08
2.06	-2.34	-0.08
2.06	-2.24	-0.08
2.06	-2.14	-0.08
2.06	-2.04	-0.08
2.06	-1.94	-0.08
2.06	-1.84	-0.08
2.06	-1.74	-0.08
2.06	-1.64	-0.08
2.06	-1.54	-0.08
2.06	-1.44	-0.08
2.06	-1.34	-0.08
2.06	-1.24	-0.08
2.06	-1.14	-0.08
2.06	-1.04	-0.08
2.06	-0.94	-0.08
2.06	-0.84	-0.08
2.06	-0.74	-0.08
2.06	-0.64	-0.08
2.06	-0.54	-0.08
2.06	-0.44	-0.08
2.06	-0.34	-0.08
2.06	-0.24	-0.08
2.06	-0.14	-0.08
2.06	-0.04	-0.08
2.06	0.06	-0.08
2.06	0.16	-0.08
2.06	0.26	-0.08
2.06	0.36	-0.08
2.06	0.46	-0.08
2.06	0.56	-0.08
2.06	0.66	-0.08
2.06	0.76	-0.08
2.06	0.86	-0.08
2.06	0.96	-0.08
2.06	1.06	-0.08
2.06	1.16	-0.08
2.06	1.26	-0.08
2.06	1.36	-0.08
2.06	1.46	-0.08
2.06	1.56	-0.08
2.06	1.66	-0.08
2.06	1.76	-0.08
2.06	1.86	-0.08
2.06	1.96	-0.08
2.06	2.06	-0.08
2.06	2.16	-0.08
2.06	2.26	-0.08
2.06	2.36	-0.08
2.06	2.46	-0.08
2.06	2.56	-0.08
2.06	2.66	-0.08
2.06	2.76	-0.08
2.06	2.86	-0.08
2.06	2.96	-0.08
2.06	3.06	-0.08
2.16	-3.14	-0.23
2.16	-3.04	-0.23
2.16	-2.94	-0.23
2.16	-2.84	-0.23
2.16	-2.74	-0.23
2.16	-2.64	-0.23
2.16	-2.54	-0.23
2.16	-2.44	-0.23
2.16	-2.34	-0.23
2.16	-2.24	-0.23
2.16	-2.14	-0.23
2.16	-2.04	-0.23
2.16	-1.94	-0.23
2.16	-1.84	-0.23
2.16	-1.74	-0.23
2.16	-1.64	-0.23
2.16	-1.54	-0.23
2.16	-1.44	-0.23
2.16	-1.34	-0.23
2.16	-1.24	-0.23
2.16	-1.14	-0.23
2.16	-1.04	-0.23
2.16	-0.94	-0.23
2.16	-0.84	-0.23
2.16	-0.74	-0.23
2.16	-0.64	-0.23
2.16	-0.54	-0.23
2.16	-0.44	-0.23
2.16	-0.34	-0.23
2.16	-0.24	-0.23
2.16	-0.14	-0.23
2.16	-0.04	-0.23
2.16	0.06	-0.23
2.16	0.16	-0.23
2.16	0.26	-0.23
2.16	0.36	-0.23
2.16	0.46	-0.23
2.16	0.56	-0.23
2.16	0.66	-0.23
2.16	0.76	-0.23
2.16	0.86	-0.23
2.16	0.96	-0.23
2.16	1.06	-0.23
2.16	1.16	-0.23
2.16	1.26	-0.23
2.16	1.36	-0.23
2.16	1.46	-0.23
2.16	1.56	-0.23
2.16	1.66	-0.23
2.16	1.76	-0.23
2.16	1.86	-0.23
2.16	1.96	-0.23
2.16	2.06	-0.23
2.16	2.16	-0.23
2.16	2.26	-0.23
2.16	2.36	-0.23
2.16	2.46	-0.23
2.16	2.56	-0.23
2.16	2.66	-0.23
2.16	2.76	-0.23
2.16	2.86	-0.23
2.16	2.96	-0.23
2.16	3.06	-0.23
2.26	-3.14	-0.37
2.26	-3.04	-0.37
2.26	-2.94	-0.37
2.26	-2.84	-0.37
2.26	-2.74	-0.37
2.26	-2.64	-0.37
2.26	-2.54	-0.37
2.26	-2.44	-0.37
2.26	-2.34	-0.37
2.26	-2.24	-0.37
2.26	-2.14	-0.37
2.26	-2.04	-0.37
2.26	-1.94	-0.37
2.26	-1.84	-0.37
2.26	-1.74	-0.37
2.26	-1.64	-0.37
2.26	-1.54	-0.37
2.26	-1.44	-0.37
2.26	-1.34	-0.37
2.26	-1.24	-0.37
2.26	-1.14	-0.37
2.26	-1.04	-0.37
2.26	-0.94	-0.37
2.26	-0.84	-0.37
2.26	-0.74	-0.37
2.26	-0.64	-0.37
2.26	-0.54	-0.37
2.26	-0.44	-0.37
2.26	-0.34	-0.37
2.26	-0.24	-0.37
2.26	-0.14	-0.37
2.26	-0.04	-0.37
2.26	0.06	-0.37
2.26	0.16	-0.37
2.26	0.26	-0.37
2.26	0.36	-0.37
2.26	0.46	-0.37
2.26	0.56	-0.37
2.26	0.66	-0.37
2.26	0.76	-0.37
2.26	0.86	-0.37
2.26	0.96	-0.37
2.26	1.06	-0.37
2.26	1.16	-0.37
2.26	1.26	-0.37
2.26	1.36	-0.37
2.26	1.46	-0.37
2.26	1.56	-0.37
2.26	1.66	-0.37
2.26	1.76	-0.37
2.26	1.86	-0.37
2.26	1.96	-0.37
2.26	2.06	-0.37
2.26	2.16	-0.37
2.26	2.26	-0.37
2.26	2.36	-0.37
2.26	2.46	-0.37
2.26	2.56	-0.37
2.26	2.66	-0.37
2.26	2.76	-0.37
2.26	2.86	-0.37
2.26	2.96	-0.37
2.26	3.06	-0.37
2.36	-3.14	-0.49
2.36	-3.04	-0.49
2.36	-2.94	-0.49
2.36	-2.84	-0.49
2.36	-2.74	-0.49
2.36	-2.64	-0.49
2.36	-2.54	-0.49
2.36	-2.44	-0.49
2.36	-2.34	-0.49
2.36	-2.24	-0.49
2.36	-2.14	-0.49
2.36	-2.04	-0.49
2.36	-1.94	-0.49
2.36	-1.84	-0.49
2.36	-1.74	-0.49
2.36	-1.64	-0.49
2.36	-1.54	-0.49
2.36	-1.44	-0.49
2.36	-1.34	-0.49
2.36	-1.24	-0.49
2.36	-1.14	-0.49
2.36	-1.04	-0.49
2.36	-0.94	-0.49
2.36	-0.84	-0.49
2.36	-0.74	-0.49
2.36	-0.64	-0.49
2.36	-0.54	-0.49
2.36	-0.44	-0.49
2.36	-0.34	-0.49
2.36	-0.24	-0.49
2.36	-0.14	-0.49
2.36	-0.04	-0.49
2.36	0.06	-0.49
2.36	0.16	-0.49
2.36	0.26	-0.49
2.36	0.36	-0.49
2.36	0.46	-0.49
2.36	0.56	-0.49
2.36	0.66	-0.49
2.36	0.76	-0.49
2.36	0.86	-0.49
2.36	0.96	-0.49
2.36	1.06	-0.49
2.36	1.16	-0.49
2.36	1.26	-0.49
2.36	1.36	-0.49
2.36	1.46	-0.49
2.36	1.56	-0.49
2.36	1.66	-0.49
2.36	1.76	-0.49
2.36	1.86	-0.49
2.36	1.96	-0.49
2.36	2.06	-0.49
2.36	2.16	-0.49
2.36	2.26	-0.49
2.36	2.36	-0.49
2.36	2.46	-0.49
2.36	2.56	-0.49
2.36	2.66	-0.49
2.36	2.76	-0.49
2.36	2.86	-0.49
2.36	2.96	-0.49
2.36	3.06	-0.49
2.46	-3.14	-0.61
2.46	-3.04	-0.61
2.46	-2.94	-0.61
2.46	-2.84	-0.61
2.46	-2.74	-0.61
2.46	-2.64	-0.61
2.46	-2.54	-0.61
2.46	-2.44	-0.61
2.46	-2.34	-0.61
2.46	-2.24	-0.61
2.46	-2.14	-0.61
2.46	-2.04	-0.61
2.46	-1.94	-0.61
2.46	-1.84	-0.61
2.46	-1.74	-0.61
2.46	-1.64	-0.61
2.46	-1.54	-0.61
2.46	-1.44	-0.61
2.46	-1.34	-0.61
2.46	-1.24	-0.61
2.46	-1.14	-0.61
2.46	-1.04	-0.61
2.46	-0.94	-0.61
2.46	-0.84	-0.61
2.46	-0.74	-0.61
2.46	-0.64	-0.61
2.46	-0.54	-0.61
2.46	-0.44	-0.61
2.46	-0.34	-0.61
2.46	-0.24	-0.61
2.46	-0.14	-0.61
2.46	-0.04	-0.61
2.46	0.06	-0.61
2.46	0.16	-0.61
2.46	0.26	-0.61
2.46	0.36	-0.61
2.46	0.46	-0.61
2.46	0.56	-0.61
2.46	0.66	-0.61
2.46	0.76	-0.61
2.46	0.86	-0.61
2.46	0.96	-0.61
2.46	1.06	-0.61
2.46	1.16	-0.61
2.46	1.26	-0.61
2.46	1.36	-0.61
2.46	1.46	-0.61
2.46	1.56	-0.61
2.46	1.66	-0.61
2.46	1.76	-0.61
2.46	1.86	-0.61
2.46	1.96	-0.61
2.46	2.06	-0.61
2.46	2.16	-0.61
2.46	2.26	-0.61
2.46	2.36	-0.61
2.46	2.46	-0.61
2.46	2.56	-0.61
2.46	2.66	-0.61
2.46	2.76	-0.61
2.46	2.86	-0.61
2.46	2.96	-0.61
2.46	3.06	-0.61
2.56	-3.14	-0.71
2.56	-3.04	-0.71
2.56	-2.94	-0.71
2.56	-2.84	-0.71
2.56	-2.74	-0.71
2.56	-2.64	-0.71
2.56	-2.54	-0.71
2.56	-2.44	-0.71
2.56	-2.34	-0.71
2.56	-2.24	-0.71
2.56	-2.14	-0.71
2.56	-2.04	-0.71
2.56	-1.94	-0.71
2.56	-1.84	-0.71
2.56	-1.74	-0.71
2.56	-1.64	-0.71
2.56	-1.54	-0.71
2.56	-1.44	-0.71
2.56	-1.34	-0.71
2.56	-1.24	-0.71
2.56	-1.14	-0.71
2.56	-1.04	-0.71
2.56	-0.94	-0.71
2.56	-0.84	-0.71
2.56	-0.74	-0.71
2.56	-0.64	-0.71
2.56	-0.54	-0.71
2.56	-0.44	-0.71
2.56	-0.34	-0.71
2.56	-0.24	-0.71
2.56	-0.14	-0.71
2.56	-0.04	-0.71
2.56	0.06	-0.71
2.56	0.16	-0.71
2.56	0.26	-0.71
2.56	0.36	-0.71
2.56	0.46	-0.71
2.56	0.56	-0.71
2.56	0.66	-0.71
2.56	0.76	-0.71
2.56	0.86	-0.71
2.56	0.96	-0.71
2.56	1.06	-0.71
2.56	1.16	-0.71
2.56	1.26	-0.71
2.56	1.36	-0.71
2.56	1.46	-0.71
2.56	1.56	-0.71
2.56	1.66	-0.71
2.56	1.76	-0.71
2.56	1.86	-0.71
2.56	1.96	-0.71
2.56	2.06	-0.71
2.56	2.16	-0.71
2.56	2.26	-0.71
2.56	2.36	-0.71
2.56	2.46	-0.71
2.56	2.56	-0.71
2.56	2.66	-0.71
2.56	2.76	-0.71
2.56	2.86	-0.71
2.56	2.96	-0.71
2.56	3.06	-0.71
2.66	-3.14	-0.80
2.66	-3.04	-0.80
2.66	-2.94	-0.80
2.66	-2.84	-0.80
2.66	-2.74	-0.80
2.66	-2.64	-0.80
2.66	-2.54	-0.80
2.66	-2.44	-0.80
2.66	-2.34	-0.80
2.66	-2.24	-0.80
2.66	-2.14	-0.80
2.66	-2.04	-0.80
2.66	-1.94	-0.80
2.66	-1.84	-0.80
2.66	-1.74	-0.80
2.66	-1.64	-0.80
2.66	-1.54	-0.80
2.66	-1.44	-0.80
2.66	-1.34	-0.80
2.66	-1.24	-0.80
2.66	-1.14	-0.80
2.66	-1.04	-0.80
2.66	-0.94	-0.80
2.66	-0.84	-0.80
2.66	-0.74	-0.80
2.66	-0.64	-0.80
2.66	-0.54	-0.80
2.66	-0.44	-0.80
2.66	-0.34	-0.80
2.66	-0.24	-0.80
2.66	-0.14	-0.80
2.66	-0.04	-0.80
2.66	0.06	-0.80
2.66	0.16	-0.80
2.66	0.26	-0.80
2.66	0.36	-0.80
2.66	0.46	-0.80
2.66	0.56	-0.80
2.66	0.66	-0.80
2.66	0.76	-0.80
2.66	0.86	-0.80
2.66	0.96	-0.80
2.66	1.06	-0.80
2.66	1.16	-0.80
2.66	1.26	-0.80
2.66	1.36	-0.80
2.66	1.46	-0.80
2.66	1.56	-0.80
2.66	1.66	-0.80
2.66	1.76	-0.80
2.66	1.86	-0.80
2.66	1.96	-0.80
2.66	2.06	-0.80
2.66	2.16	-0.80
2.66	2.26	-0.80
2.66	2.36	-0.80
2.66	2.46	-0.80
2.66	2.56	-0.80
2.66	2.66	-0.80
2.66	2.76	-0.80
2.66	2.86	-0.80
2.66	2.96	-0.80
2.66	3.06	-0.80
2.76	-3.14	-0.87
2.76	-3.04	-0.87
2.76	-2.94	-0.87
2.76	-2.84	-0.87
2.76	-2.74	-0.87
2.76	-2.64	-0.87
2.76	-2.54	-0.87
2.76	-2.44	-0.87
2.76	-2.34	-0.87
2.76	-2.24	-0.87
2.76	-2.14	-0.87
2.76	-2.04	-0.87
2.76	-1.94	-0.87
2.76	-1.84	-0.87
2.76	-1.74	-0.87
2.76	-1.64	-0.87
2.76	-1.54	-0.87
2.76	-1.44	-0.87
2.76	-1.34	-0.87
2.76	-1.24	-0.87
2.76	-1.14	-0.87
2.76	-1.04	-0.87
2.76	-0.94	-0.87
2.76	-0.84	-0.87
2.76	-0.74	-0.87
2.76	-0.64	-0.87
2.76	-0.54	-0.87
2.76	-0.44	-0.87
2.76	-0.34	-0.87
2.76	-0.24	-0.87
2.76	-0.14	-0.87
2.76	-0.04	-0.87
2.76	0.06	-0.87
2.76	0.16	-0.87
2.76	0.26	-0.87
2.76	0.36	-0.87
2.76	0.46	-0.87
2.76	0.56	-0.87
2.76	0.66	-0.87
2.76	0.76	-0.87
2.76	0.86	-0.87
2.76	0.96	-0.87
2.76	1.06	-0.87
2.76	1.16	-0.87
2.76	1.26	-0.87
2.76	1.36	-0.87
2.76	1.46	-0.87
2.76	1.56	-0.87
2.76	1.66	-0.87
2.76	1.76	-0.87
2.76	1.86	-0.87
2.76	1.96	-0.87
2.76	2.06	-0.87
2.76	2.16	-0.87
2.76	2.26	-0.87
2.76	2.36	-0.87
2.76	2.46	-0.87
2.76	2.56	-0.87
2.76	2.66	-0.87
2.76	2.76	-0.87
2.76	2.86	-0.87
2.76	2.96	-0.87
2.76	3.06	-0.87
2.86	-3.14	-0.93
2.86	-3.04	-0.93
2.86	-2.94	-0.93
2.86	-2.84	-0.93
2.86	-2.74	-0.93
2.86	-2.64	-0.93
2.86	-2.54	-0.93
2.86	-2.44	-0.93
2.86	-2.34	-0.93
2.86	-2.24	-0.93
2.86	-2.14	-0.93
2.86	-2.04	-0.93
2.86	-1.94	-0.93
2.86	-1.84	-0.93
2.86	-1.74	-0.93
2.86	-1.64	-0.93
2.86	-1.54	-0.93
2.86	-1.44	-0.93
2.86	-1.34	-0.93
2.86	-1.24	-0.93
2.86	-1.14	-0.93
2.86	-1.04	-0.93
2.86	-0.94	-0.93
2.86	-0.84	-0.93
2.86	-0.74	-0.93
2.86	-0.64	-0.93
2.86	-0.54	-0.93
2.86	-0.44	-0.93
2.86	-0.34	-0.93
2.86	-0.24	-0.93
2.86	-0.14	-0.93
2.86	-0.04	-0.93
2.86	0.06	-0.93
2.86	0.16	-0.93
2.86	0.26	-0.93
2.86	0.36	-0.93
2.86	0.46	-0.93
2.86	0.56	-0.93
2.86	0.66	-0.93
2.86	0.76	-0.93
2.86	0.86	-0.93
2.86	0.96	-0.93
2.86	1.06	-0.93
2.86	1.16	-0.93
2.86	1.26	-0.93
2.86	1.36	-0.93
2.86	1.46	-0.93
2.86	1.56	-0.93
2.86	1.66	-0.93
2.86	1.76	-0.93
2.86	1.86	-0.93
2.86	1.96	-0.93
2.86	2.06	-0.93
2.86	2.16	-0.93
2.86	2.26	-0.93
2.86	2.36	-0.93
2.86	2.46	-0.93
2.86	2.56	-0.93
2.86	2.66	-0.93
2.86	2.76	-0.93
2.86	2.86	-0.93
2.86	2.96	-0.93
2.86	3.06	-0.93
2.96	-3.14	-0.97
2.96	-3.04	-0.97
2.96	-2.94	-0.97
2.96	-2.84	-0.97
2.96	-2.74	-0.97
2.96	-2.64	-0.97
2.96	-2.54	-0.97
2.96	-2.44	-0.97
2.96	-2.34	-0.97
2.96	-2.24	-0.97
2.96	-2.14	-0.97
2.96	-2.04	-0.97
2.96	-1.94	-0.97
2.96	-1.84	-0.97
2.96	-1.74	-0.97
2.96	-1.64	-0.97
2.96	-1.54	-0.97
2.96	-1.44	-0.97
2.96	-1.34	-0.97
2.96	-1.24	-0.97
2.96	-1.14	-0.97
2.96	-1.04	-0.97
2.96	-0.94	-0.97
2.96	-0.84	-0.97
2.96	-0.74	-0.97
2.96	-0.64	-0.97
2.96	-0.54	-0.97
2.96	-0.44	-0.97
2.96	-0.34	-0.97
2.96	-0.24	-0.97
2.96	-0.14	-0.97
2.96	-0.04	-0.97
2.96	0.06	-0.97
2.96	0.16	-0.97
2.96	0.26	-0.97
2.96	0.36	-0.97
2.96	0.46	-0.97
2.96	0.56	-0.97
2.96	0.66	-0.97
2.96	0.76	-0.97
2.96	0.86	-0.97
2.96	0.96	-0.97
2.96	1.06	-0.97
2.96	1.16	-0.97
2.96	1.26	-0.97
2.96	1.36	-0.97
2.96	1.46	-0.97
2.96	1.56	-0.97
2.96	1.66	-0.97
2.96	1.76	-0.97
2.96	1.86	-0.97
2.96	1.96	-0.97
2.96	2.06	-0.97
2.96	2.16	-0.97
2.96	2.26	-0.97
2.96	2.36	-0.97
2.96	2.46	-0.97
2.96	2.56	-0.97
2.96	2.66	-0.97
2.96	2.76	-0.97
2.96	2.86	-0.97
2.96	2.96	-0.97
2.96	3.06	-0.97
3.06	-3.14	-0.99
3.06	-3.04	-0.99
3.06	-2.94	-0.99
3.06	-2.84	-0.99
3.06	-2.74	-0.99
3.06	-2.64	-0.99
3.06	-2.54	-0.99
3.06	-2.44	-0.99
3.06	-2.34	-0.99
3.06	-2.24	-0.99
3.06	-2.14	-0.99
3.06	-2.04	-0.99
3.06	-1.94	-0.99
3.06	-1.84	-0.99
3.06	-1.74	-0.99
3.06	-1.64	-0.99
3.06	-1.54	-0.99
3.06	-1.44	-0.99
3.06	-1.34	-0.99
3.06	-1.24	-0.99
3.06	-1.14	-0.99
3.06	-1.04	-0.99
3.06	-0.94	-0.99
3.06	-0.84	-0.99
3.06	-0.74	-0.99
3.06	-0.64	-0.99
3.06	-0.54	-0.99
3.06	-0.44	-0.99
3.06	-0.34	-0.99
3.06	-0.24	-0.99
3.06	-0.14	-0.99
3.06	-0.04	-0.99
3.06	0.06	-0.99
3.06	0.16	-0.99
3.06	0.26	-0.99
3.06	0.36	-0.99
3.06	0.46	-0.99
3.06	0.56	-0.99
3.06	0.66	-0.99
3.06	0.76	-0.99
3.06	0.86	-0.99
3.06	0.96	-0.99
3.06	1.06	-0.99
3.06	1.16	-0.99
3.06	1.26	-0.99
3.06	1.36	-0.99
3.06	1.46	-0.99
3.06	1.56	-0.99
3.06	1.66	-0.99
3.06	1.76	-0.99
3.06	1.86	-0.99
3.06	1.96	-0.99
3.06	2.06	-0.99
3.06	2.16	-0.99
3.06	2.26	-0.99
3.06	2.36	-0.99
3.06	2.46	-0.99
3.06	2.56	-0.99
3.06	2.66	-0.99
3.06	2.76	-0.99
3.06	2.86	-0.99
3.06	2.96	-0.99
3.06	3.06	-0.99
