2 100 -5 5 5041
0.00	0.00	2.00
0.00	0.10	2.00
0.00	0.20	2.00
0.00	0.30	2.00
0.00	0.40	2.00
0.00	0.50	2.00
0.00	0.60	2.00
0.00	0.70	2.00
0.00	0.80	2.00
0.00	0.90	2.00
0.00	1.00	2.00
0.00	1.10	2.00
0.00	1.20	2.00
0.00	1.30	2.00
0.00	1.40	2.00
0.00	1.50	2.00
0.00	1.60	2.00
0.00	1.70	2.00
0.00	1.80	2.00
0.00	1.90	2.00
0.00	2.00	2.00
0.00	2.10	2.00
0.00	2.20	2.00
0.00	2.30	2.00
0.00	2.40	2.00
0.00	2.50	2.00
0.00	2.60	2.00
0.00	2.70	2.00
0.00	2.80	2.00
0.00	2.90	2.00
0.00	3.00	2.00
0.00	3.10	2.00
0.00	3.20	2.00
0.00	3.30	2.00
0.00	3.40	2.00
0.00	3.50	2.00
0.00	3.60	2.00
0.00	3.70	2.00
0.00	3.80	2.00
0.00	3.90	2.00
0.00	4.00	2.00
0.00	4.10	2.00
0.00	4.20	2.00
0.00	4.30	2.00
0.00	4.40	2.00
0.00	4.50	2.00
0.00	4.60	2.00
0.00	4.70	2.00
0.00	4.80	2.00
0.00	4.90	2.00
0.00	5.00	2.00
0.00	5.10	2.00
0.00	5.20	2.00
0.00	5.30	2.00
0.00	5.40	2.00
0.00	5.50	2.00
0.00	5.60	2.00
0.00	5.70	2.00
0.00	5.80	2.00
0.00	5.90	2.00
0.00	6.00	2.00
0.00	6.10	2.00
0.00	6.20	2.00
0.00	6.30	2.00
0.00	6.40	2.00
0.00	6.50	2.00
0.00	6.60	2.00
0.00	6.70	2.00
0.00	6.80	2.00
0.00	6.90	2.00
0.00	7.00	2.00
0.10	0.00	2.04
0.10	0.10	2.04
0.10	0.20	2.04
0.10	0.30	2.04
0.10	0.40	2.04
0.10	0.50	2.04
0.10	0.60	2.04
0.10	0.70	2.04
0.10	0.80	2.04
0.10	0.90	2.04
0.10	1.00	2.04
0.10	1.10	2.04
0.10	1.20	2.04
0.10	1.30	2.04
0.10	1.40	2.04
0.10	1.50	2.04
0.10	1.60	2.04
0.10	1.70	2.04
0.10	1.80	2.04
0.10	1.90	2.04
0.10	2.00	2.04
0.10	2.10	2.04
0.10	2.20	2.04
0.10	2.30	2.04
0.10	2.40	2.04
0.10	2.50	2.04
0.10	2.60	2.04
0.10	2.70	2.04
0.10	2.80	2.04
0.10	2.90	2.04
0.10	3.00	2.04
0.10	3.10	2.04
0.10	3.20	2.04
0.10	3.30	2.04
0.10	3.40	2.04
0.10	3.50	2.04
0.10	3.60	2.04
0.10	3.70	2.04
0.10	3.80	2.04
0.10	3.90	2.04
0.10	4.00	2.04
0.10	4.10	2.04
0.10	4.20	2.04
0.10	4.30	2.04
0.10	4.40	2.04
0.10	4.50	2.04
0.10	4.60	2.04
0.10	4.70	2.04
0.10	4.80	2.04
0.10	4.90	2.04
0.10	5.00	2.04
0.10	5.10	2.04
0.10	5.20	2.04
0.10	5.30	2.04
0.10	5.40	2.04
0.10	5.50	2.04
0.10	5.60	2.04
0.10	5.70	2.04
0.10	5.80	2.04
0.10	5.90	2.04
0.10	6.00	2.04
0.10	6.10	2.04
0.10	6.20	2.04
0.10	6.30	2.04
0.10	6.40	2.04
0.10	6.50	2.04
0.10	6.60	2.04
0.10	6.70	2.04
0.10	6.80	2.04
0.10	6.90	2.04
0.10	7.00	2.04
0.20	0.00	2.06
0.20	0.10	2.06
0.20	0.20	2.06
0.20	0.30	2.06
0.20	0.40	2.06
0.20	0.50	2.06
0.20	0.60	2.06
0.20	0.70	2.06
0.20	0.80	2.06
0.20	0.90	2.06
0.20	1.00	2.06
0.20	1.10	2.06
0.20	1.20	2.06
0.20	1.30	2.06
0.20	1.40	2.06
0.20	1.50	2.06
0.20	1.60	2.06
0.20	1.70	2.06
0.20	1.80	2.06
0.20	1.90	2.06
0.20	2.00	2.06
0.20	2.10	2.06
0.20	2.20	2.06
0.20	2.30	2.06
0.20	2.40	2.06
0.20	2.50	2.06
0.20	2.60	2.06
0.20	2.70	2.06
0.20	2.80	2.06
0.20	2.90	2.06
0.20	3.00	2.06
0.20	3.10	2.06
0.20	3.20	2.06
0.20	3.30	2.06
0.20	3.40	2.06
0.20	3.50	2.06
0.20	3.60	2.06
0.20	3.70	2.06
0.20	3.80	2.06
0.20	3.90	2.06
0.20	4.00	2.06
0.20	4.10	2.06
0.20	4.20	2.06
0.20	4.30	2.06
0.20	4.40	2.06
0.20	4.50	2.06
0.20	4.60	2.06
0.20	4.70	2.06
0.20	4.80	2.06
0.20	4.90	2.06
0.20	5.00	2.06
0.20	5.10	2.06
0.20	5.20	2.06
0.20	5.30	2.06
0.20	5.40	2.06
0.20	5.50	2.06
0.20	5.60	2.06
0.20	5.70	2.06
0.20	5.80	2.06
0.20	5.90	2.06
0.20	6.00	2.06
0.20	6.10	2.06
0.20	6.20	2.06
0.20	6.30	2.06
0.20	6.40	2.06
0.20	6.50	2.06
0.20	6.60	2.06
0.20	6.70	2.06
0.20	6.80	2.06
0.20	6.90	2.06
0.20	7.00	2.06
0.30	0.00	2.06
0.30	0.10	2.06
0.30	0.20	2.06
0.30	0.30	2.06
0.30	0.40	2.06
0.30	0.50	2.06
0.30	0.60	2.06
0.30	0.70	2.06
0.30	0.80	2.06
0.30	0.90	2.06
0.30	1.00	2.06
0.30	1.10	2.06
0.30	1.20	2.06
0.30	1.30	2.06
0.30	1.40	2.06
0.30	1.50	2.06
0.30	1.60	2.06
0.30	1.70	2.06
0.30	1.80	2.06
0.30	1.90	2.06
0.30	2.00	2.06
0.30	2.10	2.06
0.30	2.20	2.06
0.30	2.30	2.06
0.30	2.40	2.06
0.30	2.50	2.06
0.30	2.60	2.06
0.30	2.70	2.06
0.30	2.80	2.06
0.30	2.90	2.06
0.30	3.00	2.06
0.30	3.10	2.06
0.30	3.20	2.06
0.30	3.30	2.06
0.30	3.40	2.06
0.30	3.50	2.06
0.30	3.60	2.06
0.30	3.70	2.06
0.30	3.80	2.06
0.30	3.90	2.06
0.30	4.00	2.06
0.30	4.10	2.06
0.30	4.20	2.06
0.30	4.30	2.06
0.30	4.40	2.06
0.30	4.50	2.06
0.30	4.60	2.06
0.30	4.70	2.06
0.30	4.80	2.06
0.30	4.90	2.06
0.30	5.00	2.06
0.30	5.10	2.06
0.30	5.20	2.06
0.30	5.30	2.06
0.30	5.40	2.06
0.30	5.50	2.06
0.30	5.60	2.06
0.30	5.70	2.06
0.30	5.80	2.06
0.30	5.90	2.06
0.30	6.00	2.06
0.30	6.10	2.06
0.30	6.20	2.06
0.30	6.30	2.06
0.30	6.40	2.06
0.30	6.50	2.06
0.30	6.60	2.06
0.30	6.70	2.06
0.30	6.80	2.06
0.30	6.90	2.06
0.30	7.00	2.06
0.40	0.00	2.04
0.40	0.10	2.04
0.40	0.20	2.04
0.40	0.30	2.04
0.40	0.40	2.04
0.40	0.50	2.04
0.40	0.60	2.04
0.40	0.70	2.04
0.40	0.80	2.04
0.40	0.90	2.04
0.40	1.00	2.04
0.40	1.10	2.04
0.40	1.20	2.04
0.40	1.30	2.04
0.40	1.40	2.04
0.40	1.50	2.04
0.40	1.60	2.04
0.40	1.70	2.04
0.40	1.80	2.04
0.40	1.90	2.04
0.40	2.00	2.04
0.40	2.10	2.04
0.40	2.20	2.04
0.40	2.30	2.04
0.40	2.40	2.04
0.40	2.50	2.04
0.40	2.60	2.04
0.40	2.70	2.04
0.40	2.80	2.04
0.40	2.90	2.04
0.40	3.00	2.04
0.40	3.10	2.04
0.40	3.20	2.04
0.40	3.30	2.04
0.40	3.40	2.04
0.40	3.50	2.04
0.40	3.60	2.04
0.40	3.70	2.04
0.40	3.80	2.04
0.40	3.90	2.04
0.40	4.00	2.04
0.40	4.10	2.04
0.40	4.20	2.04
0.40	4.30	2.04
0.40	4.40	2.04
0.40	4.50	2.04
0.40	4.60	2.04
0.40	4.70	2.04
0.40	4.80	2.04
0.40	4.90	2.04
0.40	5.00	2.04
0.40	5.10	2.04
0.40	5.20	2.04
0.40	5.30	2.04
0.40	5.40	2.04
0.40	5.50	2.04
0.40	5.60	2.04
0.40	5.70	2.04
0.40	5.80	2.04
0.40	5.90	2.04
0.40	6.00	2.04
0.40	6.10	2.04
0.40	6.20	2.04
0.40	6.30	2.04
0.40	6.40	2.04
0.40	6.50	2.04
0.40	6.60	2.04
0.40	6.70	2.04
0.40	6.80	2.04
0.40	6.90	2.04
0.40	7.00	2.04
0.50	0.00	2.00
0.50	0.10	2.00
0.50	0.20	2.00
0.50	0.30	2.00
0.50	0.40	2.00
0.50	0.50	2.00
0.50	0.60	2.00
0.50	0.70	2.00
0.50	0.80	2.00
0.50	0.90	2.00
0.50	1.00	2.00
0.50	1.10	2.00
0.50	1.20	2.00
0.50	1.30	2.00
0.50	1.40	2.00
0.50	1.50	2.00
0.50	1.60	2.00
0.50	1.70	2.00
0.50	1.80	2.00
0.50	1.90	2.00
0.50	2.00	2.00
0.50	2.10	2.00
0.50	2.20	2.00
0.50	2.30	2.00
0.50	2.40	2.00
0.50	2.50	2.00
0.50	2.60	2.00
0.50	2.70	2.00
0.50	2.80	2.00
0.50	2.90	2.00
0.50	3.00	2.00
0.50	3.10	2.00
0.50	3.20	2.00
0.50	3.30	2.00
0.50	3.40	2.00
0.50	3.50	2.00
0.50	3.60	2.00
0.50	3.70	2.00
0.50	3.80	2.00
0.50	3.90	2.00
0.50	4.00	2.00
0.50	4.10	2.00
0.50	4.20	2.00
0.50	4.30	2.00
0.50	4.40	2.00
0.50	4.50	2.00
0.50	4.60	2.00
0.50	4.70	2.00
0.50	4.80	2.00
0.50	4.90	2.00
0.50	5.00	2.00
0.50	5.10	2.00
0.50	5.20	2.00
0.50	5.30	2.00
0.50	5.40	2.00
0.50	5.50	2.00
0.50	5.60	2.00
0.50	5.70	2.00
0.50	5.80	2.00
0.50	5.90	2.00
0.50	6.00	2.00
0.50	6.10	2.00
0.50	6.20	2.00
0.50	6.30	2.00
0.50	6.40	2.00
0.50	6.50	2.00
0.50	6.60	2.00
0.50	6.70	2.00
0.50	6.80	2.00
0.50	6.90	2.00
0.50	7.00	2.00
0.60	0.00	1.95
0.60	0.10	1.95
0.60	0.20	1.95
0.60	0.30	1.95
0.60	0.40	1.95
0.60	0.50	1.95
0.60	0.60	1.95
0.60	0.70	1.95
0.60	0.80	1.95
0.60	0.90	1.95
0.60	1.00	1.95
0.60	1.10	1.95
0.60	1.20	1.95
0.60	1.30	1.95
0.60	1.40	1.95
0.60	1.50	1.95
0.60	1.60	1.95
0.60	1.70	1.95
0.60	1.80	1.95
0.60	1.90	1.95
0.60	2.00	1.95
0.60	2.10	1.95
0.60	2.20	1.95
0.60	2.30	1.95
0.60	2.40	1.95
0.60	2.50	1.95
0.60	2.60	1.95
0.60	2.70	1.95
0.60	2.80	1.95
0.60	2.90	1.95
0.60	3.00	1.95
0.60	3.10	1.95
0.60	3.20	1.95
0.60	3.30	1.95
0.60	3.40	1.95
0.60	3.50	1.95
0.60	3.60	1.95
0.60	3.70	1.95
0.60	3.80	1.95
0.60	3.90	1.95
0.60	4.00	1.95
0.60	4.10	1.95
0.60	4.20	1.95
0.60	4.30	1.95
0.60	4.40	1.95
0.60	4.50	1.95
0.60	4.60	1.95
0.60	4.70	1.95
0.60	4.80	1.95
0.60	4.90	1.95
0.60	5.00	1.95
0.60	5.10	1.95
0.60	5.20	1.95
0.60	5.30	1.95
0.60	5.40	1.95
0.60	5.50	1.95
0.60	5.60	1.95
0.60	5.70	1.95
0.60	5.80	1.95
0.60	5.90	1.95
0.60	6.00	1.95
0.60	6.10	1.95
0.60	6.20	1.95
0.60	6.30	1.95
0.60	6.40	1.95
0.60	6.50	1.95
0.60	6.60	1.95
0.60	6.70	1.95
0.60	6.80	1.95
0.60	6.90	1.95
0.60	7.00	1.95
0.70	0.00	1.87
0.70	0.10	1.87
0.70	0.20	1.87
0.70	0.30	1.87
0.70	0.40	1.87
0.70	0.50	1.87
0.70	0.60	1.87
0.70	0.70	1.87
0.70	0.80	1.87
0.70	0.90	1.87
0.70	1.00	1.87
0.70	1.10	1.87
0.70	1.20	1.87
0.70	1.30	1.87
0.70	1.40	1.87
0.70	1.50	1.87
0.70	1.60	1.87
0.70	1.70	1.87
0.70	1.80	1.87
0.70	1.90	1.87
0.70	2.00	1.87
0.70	2.10	1.87
0.70	2.20	1.87
0.70	2.30	1.87
0.70	2.40	1.87
0.70	2.50	1.87
0.70	2.60	1.87
0.70	2.70	1.87
0.70	2.80	1.87
0.70	2.90	1.87
0.70	3.00	1.87
0.70	3.10	1.87
0.70	3.20	1.87
0.70	3.30	1.87
0.70	3.40	1.87
0.70	3.50	1.87
0.70	3.60	1.87
0.70	3.70	1.87
0.70	3.80	1.87
0.70	3.90	1.87
0.70	4.00	1.87
0.70	4.10	1.87
0.70	4.20	1.87
0.70	4.30	1.87
0.70	4.40	1.87
0.70	4.50	1.87
0.70	4.60	1.87
0.70	4.70	1.87
0.70	4.80	1.87
0.70	4.90	1.87
0.70	5.00	1.87
0.70	5.10	1.87
0.70	5.20	1.87
0.70	5.30	1.87
0.70	5.40	1.87
0.70	5.50	1.87
0.70	5.60	1.87
0.70	5.70	1.87
0.70	5.80	1.87
0.70	5.90	1.87
0.70	6.00	1.87
0.70	6.10	1.87
0.70	6.20	1.87
0.70	6.30	1.87
0.70	6.40	1.87
0.70	6.50	1.87
0.70	6.60	1.87
0.70	6.70	1.87
0.70	6.80	1.87
0.70	6.90	1.87
0.70	7.00	1.87
0.80	0.00	1.78
0.80	0.10	1.78
0.80	0.20	1.78
0.80	0.30	1.78
0.80	0.40	1.78
0.80	0.50	1.78
0.80	0.60	1.78
0.80	0.70	1.78
0.80	0.80	1.78
0.80	0.90	1.78
0.80	1.00	1.78
0.80	1.10	1.78
0.80	1.20	1.78
0.80	1.30	1.78
0.80	1.40	1.78
0.80	1.50	1.78
0.80	1.60	1.78
0.80	1.70	1.78
0.80	1.80	1.78
0.80	1.90	1.78
0.80	2.00	1.78
0.80	2.10	1.78
0.80	2.20	1.78
0.80	2.30	1.78
0.80	2.40	1.78
0.80	2.50	1.78
0.80	2.60	1.78
0.80	2.70	1.78
0.80	2.80	1.78
0.80	2.90	1.78
0.80	3.00	1.78
0.80	3.10	1.78
0.80	3.20	1.78
0.80	3.30	1.78
0.80	3.40	1.78
0.80	3.50	1.78
0.80	3.60	1.78
0.80	3.70	1.78
0.80	3.80	1.78
0.80	3.90	1.78
0.80	4.00	1.78
0.80	4.10	1.78
0.80	4.20	1.78
0.80	4.30	1.78
0.80	4.40	1.78
0.80	4.50	1.78
0.80	4.60	1.78
0.80	4.70	1.78
0.80	4.80	1.78
0.80	4.90	1.78
0.80	5.00	1.78
0.80	5.10	1.78
0.80	5.20	1.78
0.80	5.30	1.78
0.80	5.40	1.78
0.80	5.50	1.78
0.80	5.60	1.78
0.80	5.70	1.78
0.80	5.80	1.78
0.80	5.90	1.78
0.80	6.00	1.78
0.80	6.10	1.78
0.80	6.20	1.78
0.80	6.30	1.78
0.80	6.40	1.78
0.80	6.50	1.78
0.80	6.60	1.78
0.80	6.70	1.78
0.80	6.80	1.78
0.80	6.90	1.78
0.80	7.00	1.78
0.90	0.00	1.68
0.90	0.10	1.68
0.90	0.20	1.68
0.90	0.30	1.68
0.90	0.40	1.68
0.90	0.50	1.68
0.90	0.60	1.68
0.90	0.70	1.68
0.90	0.80	1.68
0.90	0.90	1.68
0.90	1.00	1.68
0.90	1.10	1.68
0.90	1.20	1.68
0.90	1.30	1.68
0.90	1.40	1.68
0.90	1.50	1.68
0.90	1.60	1.68
0.90	1.70	1.68
0.90	1.80	1.68
0.90	1.90	1.68
0.90	2.00	1.68
0.90	2.10	1.68
0.90	2.20	1.68
0.90	2.30	1.68
0.90	2.40	1.68
0.90	2.50	1.68
0.90	2.60	1.68
0.90	2.70	1.68
0.90	2.80	1.68
0.90	2.90	1.68
0.90	3.00	1.68
0.90	3.10	1.68
0.90	3.20	1.68
0.90	3.30	1.68
0.90	3.40	1.68
0.90	3.50	1.68
0.90	3.60	1.68
0.90	3.70	1.68
0.90	3.80	1.68
0.90	3.90	1.68
0.90	4.00	1.68
0.90	4.10	1.68
0.90	4.20	1.68
0.90	4.30	1.68
0.90	4.40	1.68
0.90	4.50	1.68
0.90	4.60	1.68
0.90	4.70	1.68
0.90	4.80	1.68
0.90	4.90	1.68
0.90	5.00	1.68
0.90	5.10	1.68
0.90	5.20	1.68
0.90	5.30	1.68
0.90	5.40	1.68
0.90	5.50	1.68
0.90	5.60	1.68
0.90	5.70	1.68
0.90	5.80	1.68
0.90	5.90	1.68
0.90	6.00	1.68
0.90	6.10	1.68
0.90	6.20	1.68
0.90	6.30	1.68
0.90	6.40	1.68
0.90	6.50	1.68
0.90	6.60	1.68
0.90	6.70	1.68
0.90	6.80	1.68
0.90	6.90	1.68
0.90	7.00	1.68
1.00	0.00	1.56
1.00	0.10	1.56
1.00	0.20	1.56
1.00	0.30	1.56
1.00	0.40	1.56
1.00	0.50	1.56
1.00	0.60	1.56
1.00	0.70	1.56
1.00	0.80	1.56
1.00	0.90	1.56
1.00	1.00	1.56
1.00	1.10	1.56
1.00	1.20	1.56
1.00	1.30	1.56
1.00	1.40	1.56
1.00	1.50	1.56
1.00	1.60	1.56
1.00	1.70	1.56
1.00	1.80	1.56
1.00	1.90	1.56
1.00	2.00	1.56
1.00	2.10	1.56
1.00	2.20	1.56
1.00	2.30	1.56
1.00	2.40	1.56
1.00	2.50	1.56
1.00	2.60	1.56
1.00	2.70	1.56
1.00	2.80	1.56
1.00	2.90	1.56
1.00	3.00	1.56
1.00	3.10	1.56
1.00	3.20	1.56
1.00	3.30	1.56
1.00	3.40	1.56
1.00	3.50	1.56
1.00	3.60	1.56
1.00	3.70	1.56
1.00	3.80	1.56
1.00	3.90	1.56
1.00	4.00	1.56
1.00	4.10	1.56
1.00	4.20	1.56
1.00	4.30	1.56
1.00	4.40	1.56
1.00	4.50	1.56
1.00	4.60	1.56
1.00	4.70	1.56
1.00	4.80	1.56
1.00	4.90	1.56
1.00	5.00	1.56
1.00	5.10	1.56
1.00	5.20	1.56
1.00	5.30	1.56
1.00	5.40	1.56
1.00	5.50	1.56
1.00	5.60	1.56
1.00	5.70	1.56
1.00	5.80	1.56
1.00	5.90	1.56
1.00	6.00	1.56
1.00	6.10	1.56
1.00	6.20	1.56
1.00	6.30	1.56
1.00	6.40	1.56
1.00	6.50	1.56
1.00	6.60	1.56
1.00	6.70	1.56
1.00	6.80	1.56
1.00	6.90	1.56
1.00	7.00	1.56
1.10	0.00	1.43
1.10	0.10	1.43
1.10	0.20	1.43
1.10	0.30	1.43
1.10	0.40	1.43
1.10	0.50	1.43
1.10	0.60	1.43
1.10	0.70	1.43
1.10	0.80	1.43
1.10	0.90	1.43
1.10	1.00	1.43
1.10	1.10	1.43
1.10	1.20	1.43
1.10	1.30	1.43
1.10	1.40	1.43
1.10	1.50	1.43
1.10	1.60	1.43
1.10	1.70	1.43
1.10	1.80	1.43
1.10	1.90	1.43
1.10	2.00	1.43
1.10	2.10	1.43
1.10	2.20	1.43
1.10	2.30	1.43
1.10	2.40	1.43
1.10	2.50	1.43
1.10	2.60	1.43
1.10	2.70	1.43
1.10	2.80	1.43
1.10	2.90	1.43
1.10	3.00	1.43
1.10	3.10	1.43
1.10	3.20	1.43
1.10	3.30	1.43
1.10	3.40	1.43
1.10	3.50	1.43
1.10	3.60	1.43
1.10	3.70	1.43
1.10	3.80	1.43
1.10	3.90	1.43
1.10	4.00	1.43
1.10	4.10	1.43
1.10	4.20	1.43
1.10	4.30	1.43
1.10	4.40	1.43
1.10	4.50	1.43
1.10	4.60	1.43
1.10	4.70	1.43
1.10	4.80	1.43
1.10	4.90	1.43
1.10	5.00	1.43
1.10	5.10	1.43
1.10	5.20	1.43
1.10	5.30	1.43
1.10	5.40	1.43
1.10	5.50	1.43
1.10	5.60	1.43
1.10	5.70	1.43
1.10	5.80	1.43
1.10	5.90	1.43
1.10	6.00	1.43
1.10	6.10	1.43
1.10	6.20	1.43
1.10	6.30	1.43
1.10	6.40	1.43
1.10	6.50	1.43
1.10	6.60	1.43
1.10	6.70	1.43
1.10	6.80	1.43
1.10	6.90	1.43
1.10	7.00	1.43
1.20	0.00	1.29
1.20	0.10	1.29
1.20	0.20	1.29
1.20	0.30	1.29
1.20	0.40	1.29
1.20	0.50	1.29
1.20	0.60	1.29
1.20	0.70	1.29
1.20	0.80	1.29
1.20	0.90	1.29
1.20	1.00	1.29
1.20	1.10	1.29
1.20	1.20	1.29
1.20	1.30	1.29
1.20	1.40	1.29
1.20	1.50	1.29
1.20	1.60	1.29
1.20	1.70	1.29
1.20	1.80	1.29
1.20	1.90	1.29
1.20	2.00	1.29
1.20	2.10	1.29
1.20	2.20	1.29
1.20	2.30	1.29
1.20	2.40	1.29
1.20	2.50	1.29
1.20	2.60	1.29
1.20	2.70	1.29
1.20	2.80	1.29
1.20	2.90	1.29
1.20	3.00	1.29
1.20	3.10	1.29
1.20	3.20	1.29
1.20	3.30	1.29
1.20	3.40	1.29
1.20	3.50	1.29
1.20	3.60	1.29
1.20	3.70	1.29
1.20	3.80	1.29
1.20	3.90	1.29
1.20	4.00	1.29
1.20	4.10	1.29
1.20	4.20	1.29
1.20	4.30	1.29
1.20	4.40	1.29
1.20	4.50	1.29
1.20	4.60	1.29
1.20	4.70	1.29
1.20	4.80	1.29
1.20	4.90	1.29
1.20	5.00	1.29
1.20	5.10	1.29
1.20	5.20	1.29
1.20	5.30	1.29
1.20	5.40	1.29
1.20	5.50	1.29
1.20	5.60	1.29
1.20	5.70	1.29
1.20	5.80	1.29
1.20	5.90	1.29
1.20	6.00	1.29
1.20	6.10	1.29
1.20	6.20	1.29
1.20	6.30	1.29
1.20	6.40	1.29
1.20	6.50	1.29
1.20	6.60	1.29
1.20	6.70	1.29
1.20	6.80	1.29
1.20	6.90	1.29
1.20	7.00	1.29
1.30	0.00	1.14
1.30	0.10	1.14
1.30	0.20	1.14
1.30	0.30	1.14
1.30	0.40	1.14
1.30	0.50	1.14
1.30	0.60	1.14
1.30	0.70	1.14
1.30	0.80	1.14
1.30	0.90	1.14
1.30	1.00	1.14
1.30	1.10	1.14
1.30	1.20	1.14
1.30	1.30	1.14
1.30	1.40	1.14
1.30	1.50	1.14
1.30	1.60	1.14
1.30	1.70	1.14
1.30	1.80	1.14
1.30	1.90	1.14
1.30	2.00	1.14
1.30	2.10	1.14
1.30	2.20	1.14
1.30	2.30	1.14
1.30	2.40	1.14
1.30	2.50	1.14
1.30	2.60	1.14
1.30	2.70	1.14
1.30	2.80	1.14
1.30	2.90	1.14
1.30	3.00	1.14
1.30	3.10	1.14
1.30	3.20	1.14
1.30	3.30	1.14
1.30	3.40	1.14
1.30	3.50	1.14
1.30	3.60	1.14
1.30	3.70	1.14
1.30	3.80	1.14
1.30	3.90	1.14
1.30	4.00	1.14
1.30	4.10	1.14
1.30	4.20	1.14
1.30	4.30	1.14
1.30	4.40	1.14
1.30	4.50	1.14
1.30	4.60	1.14
1.30	4.70	1.14
1.30	4.80	1.14
1.30	4.90	1.14
1.30	5.00	1.14
1.30	5.10	1.14
1.30	5.20	1.14
1.30	5.30	1.14
1.30	5.40	1.14
1.30	5.50	1.14
1.30	5.60	1.14
1.30	5.70	1.14
1.30	5.80	1.14
1.30	5.90	1.14
1.30	6.00	1.14
1.30	6.10	1.14
1.30	6.20	1.14
1.30	6.30	1.14
1.30	6.40	1.14
1.30	6.50	1.14
1.30	6.60	1.14
1.30	6.70	1.14
1.30	6.80	1.14
1.30	6.90	1.14
1.30	7.00	1.14
1.40	0.00	0.98
1.40	0.10	0.98
1.40	0.20	0.98
1.40	0.30	0.98
1.40	0.40	0.98
1.40	0.50	0.98
1.40	0.60	0.98
1.40	0.70	0.98
1.40	0.80	0.98
1.40	0.90	0.98
1.40	1.00	0.98
1.40	1.10	0.98
1.40	1.20	0.98
1.40	1.30	0.98
1.40	1.40	0.98
1.40	1.50	0.98
1.40	1.60	0.98
1.40	1.70	0.98
1.40	1.80	0.98
1.40	1.90	0.98
1.40	2.00	0.98
1.40	2.10	0.98
1.40	2.20	0.98
1.40	2.30	0.98
1.40	2.40	0.98
1.40	2.50	0.98
1.40	2.60	0.98
1.40	2.70	0.98
1.40	2.80	0.98
1.40	2.90	0.98
1.40	3.00	0.98
1.40	3.10	0.98
1.40	3.20	0.98
1.40	3.30	0.98
1.40	3.40	0.98
1.40	3.50	0.98
1.40	3.60	0.98
1.40	3.70	0.98
1.40	3.80	0.98
1.40	3.90	0.98
1.40	4.00	0.98
1.40	4.10	0.98
1.40	4.20	0.98
1.40	4.30	0.98
1.40	4.40	0.98
1.40	4.50	0.98
1.40	4.60	0.98
1.40	4.70	0.98
1.40	4.80	0.98
1.40	4.90	0.98
1.40	5.00	0.98
1.40	5.10	0.98
1.40	5.20	0.98
1.40	5.30	0.98
1.40	5.40	0.98
1.40	5.50	0.98
1.40	5.60	0.98
1.40	5.70	0.98
1.40	5.80	0.98
1.40	5.90	0.98
1.40	6.00	0.98
1.40	6.10	0.98
1.40	6.20	0.98
1.40	6.30	0.98
1.40	6.40	0.98
1.40	6.50	0.98
1.40	6.60	0.98
1.40	6.70	0.98
1.40	6.80	0.98
1.40	6.90	0.98
1.40	7.00	0.98
1.50	0.00	0.82
1.50	0.10	0.82
1.50	0.20	0.82
1.50	0.30	0.82
1.50	0.40	0.82
1.50	0.50	0.82
1.50	0.60	0.82
1.50	0.70	0.82
1.50	0.80	0.82
1.50	0.90	0.82
1.50	1.00	0.82
1.50	1.10	0.82
1.50	1.20	0.82
1.50	1.30	0.82
1.50	1.40	0.82
1.50	1.50	0.82
1.50	1.60	0.82
1.50	1.70	0.82
1.50	1.80	0.82
1.50	1.90	0.82
1.50	2.00	0.82
1.50	2.10	0.82
1.50	2.20	0.82
1.50	2.30	0.82
1.50	2.40	0.82
1.50	2.50	0.82
1.50	2.60	0.82
1.50	2.70	0.82
1.50	2.80	0.82
1.50	2.90	0.82
1.50	3.00	0.82
1.50	3.10	0.82
1.50	3.20	0.82
1.50	3.30	0.82
1.50	3.40	0.82
1.50	3.50	0.82
1.50	3.60	0.82
1.50	3.70	0.82
1.50	3.80	0.82
1.50	3.90	0.82
1.50	4.00	0.82
1.50	4.10	0.82
1.50	4.20	0.82
1.50	4.30	0.82
1.50	4.40	0.82
1.50	4.50	0.82
1.50	4.60	0.82
1.50	4.70	0.82
1.50	4.80	0.82
1.50	4.90	0.82
1.50	5.00	0.82
1.50	5.10	0.82
1.50	5.20	0.82
1.50	5.30	0.82
1.50	5.40	0.82
1.50	5.50	0.82
1.50	5.60	0.82
1.50	5.70	0.82
1.50	5.80	0.82
1.50	5.90	0.82
1.50	6.00	0.82
1.50	6.10	0.82
1.50	6.20	0.82
1.50	6.30	0.82
1.50	6.40	0.82
1.50	6.50	0.82
1.50	6.60	0.82
1.50	6.70	0.82
1.50	6.80	0.82
1.50	6.90	0.82
1.50	7.00	0.82
1.60	0.00	0.66
1.60	0.10	0.66
1.60	0.20	0.66
1.60	0.30	0.66
1.60	0.40	0.66
1.60	0.50	0.66
1.60	0.60	0.66
1.60	0.70	0.66
1.60	0.80	0.66
1.60	0.90	0.66
1.60	1.00	0.66
1.60	1.10	0.66
1.60	1.20	0.66
1.60	1.30	0.66
1.60	1.40	0.66
1.60	1.50	0.66
1.60	1.60	0.66
1.60	1.70	0.66
1.60	1.80	0.66
1.60	1.90	0.66
1.60	2.00	0.66
1.60	2.10	0.66
1.60	2.20	0.66
1.60	2.30	0.66
1.60	2.40	0.66
1.60	2.50	0.66
1.60	2.60	0.66
1.60	2.70	0.66
1.60	2.80	0.66
1.60	2.90	0.66
1.60	3.00	0.66
1.60	3.10	0.66
1.60	3.20	0.66
1.60	3.30	0.66
1.60	3.40	0.66
1.60	3.50	0.66
1.60	3.60	0.66
1.60	3.70	0.66
1.60	3.80	0.66
1.60	3.90	0.66
1.60	4.00	0.66
1.60	4.10	0.66
1.60	4.20	0.66
1.60	4.30	0.66
1.60	4.40	0.66
1.60	4.50	0.66
1.60	4.60	0.66
1.60	4.70	0.66
1.60	4.80	0.66
1.60	4.90	0.66
1.60	5.00	0.66
1.60	5.10	0.66
1.60	5.20	0.66
1.60	5.30	0.66
1.60	5.40	0.66
1.60	5.50	0.66
1.60	5.60	0.66
1.60	5.70	0.66
1.60	5.80	0.66
1.60	5.90	0.66
1.60	6.00	0.66
1.60	6.10	0.66
1.60	6.20	0.66
1.60	6.30	0.66
1.60	6.40	0.66
1.60	6.50	0.66
1.60	6.60	0.66
1.60	6.70	0.66
1.60	6.80	0.66
1.60	6.90	0.66
1.60	7.00	0.66
1.70	0.00	0.49
1.70	0.10	0.49
1.70	0.20	0.49
1.70	0.30	0.49
1.70	0.40	0.49
1.70	0.50	0.49
1.70	0.60	0.49
1.70	0.70	0.49
1.70	0.80	0.49
1.70	0.90	0.49
1.70	1.00	0.49
1.70	1.10	0.49
1.70	1.20	0.49
1.70	1.30	0.49
1.70	1.40	0.49
1.70	1.50	0.49
1.70	1.60	0.49
1.70	1.70	0.49
1.70	1.80	0.49
1.70	1.90	0.49
1.70	2.00	0.49
1.70	2.10	0.49
1.70	2.20	0.49
1.70	2.30	0.49
1.70	2.40	0.49
1.70	2.50	0.49
1.70	2.60	0.49
1.70	2.70	0.49
1.70	2.80	0.49
1.70	2.90	0.49
1.70	3.00	0.49
1.70	3.10	0.49
1.70	3.20	0.49
1.70	3.30	0.49
1.70	3.40	0.49
1.70	3.50	0.49
1.70	3.60	0.49
1.70	3.70	0.49
1.70	3.80	0.49
1.70	3.90	0.49
1.70	4.00	0.49
1.70	4.10	0.49
1.70	4.20	0.49
1.70	4.30	0.49
1.70	4.40	0.49
1.70	4.50	0.49
1.70	4.60	0.49
1.70	4.70	0.49
1.70	4.80	0.49
1.70	4.90	0.49
1.70	5.00	0.49
1.70	5.10	0.49
1.70	5.20	0.49
1.70	5.30	0.49
1.70	5.40	0.49
1.70	5.50	0.49
1.70	5.60	0.49
1.70	5.70	0.49
1.70	5.80	0.49
1.70	5.90	0.49
1.70	6.00	0.49
1.70	6.10	0.49
1.70	6.20	0.49
1.70	6.30	0.49
1.70	6.40	0.49
1.70	6.50	0.49
1.70	6.60	0.49
1.70	6.70	0.49
1.70	6.80	0.49
1.70	6.90	0.49
1.70	7.00	0.49
1.80	0.00	0.33
1.80	0.10	0.33
1.80	0.20	0.33
1.80	0.30	0.33
1.80	0.40	0.33
1.80	0.50	0.33
1.80	0.60	0.33
1.80	0.70	0.33
1.80	0.80	0.33
1.80	0.90	0.33
1.80	1.00	0.33
1.80	1.10	0.33
1.80	1.20	0.33
1.80	1.30	0.33
1.80	1.40	0.33
1.80	1.50	0.33
1.80	1.60	0.33
1.80	1.70	0.33
1.80	1.80	0.33
1.80	1.90	0.33
1.80	2.00	0.33
1.80	2.10	0.33
1.80	2.20	0.33
1.80	2.30	0.33
1.80	2.40	0.33
1.80	2.50	0.33
1.80	2.60	0.33
1.80	2.70	0.33
1.80	2.80	0.33
1.80	2.90	0.33
1.80	3.00	0.33
1.80	3.10	0.33
1.80	3.20	0.33
1.80	3.30	0.33
1.80	3.40	0.33
1.80	3.50	0.33
1.80	3.60	0.33
1.80	3.70	0.33
1.80	3.80	0.33
1.80	3.90	0.33
1.80	4.00	0.33
1.80	4.10	0.33
1.80	4.20	0.33
1.80	4.30	0.33
1.80	4.40	0.33
1.80	4.50	0.33
1.80	4.60	0.33
1.80	4.70	0.33
1.80	4.80	0.33
1.80	4.90	0.33
1.80	5.00	0.33
1.80	5.10	0.33
1.80	5.20	0.33
1.80	5.30	0.33
1.80	5.40	0.33
1.80	5.50	0.33
1.80	5.60	0.33
1.80	5.70	0.33
1.80	5.80	0.33
1.80	5.90	0.33
1.80	6.00	0.33
1.80	6.10	0.33
1.80	6.20	0.33
1.80	6.30	0.33
1.80	6.40	0.33
1.80	6.50	0.33
1.80	6.60	0.33
1.80	6.70	0.33
1.80	6.80	0.33
1.80	6.90	0.33
1.80	7.00	0.33
1.90	0.00	0.17
1.90	0.10	0.17
1.90	0.20	0.17
1.90	0.30	0.17
1.90	0.40	0.17
1.90	0.50	0.17
1.90	0.60	0.17
1.90	0.70	0.17
1.90	0.80	0.17
1.90	0.90	0.17
1.90	1.00	0.17
1.90	1.10	0.17
1.90	1.20	0.17
1.90	1.30	0.17
1.90	1.40	0.17
1.90	1.50	0.17
1.90	1.60	0.17
1.90	1.70	0.17
1.90	1.80	0.17
1.90	1.90	0.17
1.90	2.00	0.17
1.90	2.10	0.17
1.90	2.20	0.17
1.90	2.30	0.17
1.90	2.40	0.17
1.90	2.50	0.17
1.90	2.60	0.17
1.90	2.70	0.17
1.90	2.80	0.17
1.90	2.90	0.17
1.90	3.00	0.17
1.90	3.10	0.17
1.90	3.20	0.17
1.90	3.30	0.17
1.90	3.40	0.17
1.90	3.50	0.17
1.90	3.60	0.17
1.90	3.70	0.17
1.90	3.80	0.17
1.90	3.90	0.17
1.90	4.00	0.17
1.90	4.10	0.17
1.90	4.20	0.17
1.90	4.30	0.17
1.90	4.40	0.17
1.90	4.50	0.17
1.90	4.60	0.17
1.90	4.70	0.17
1.90	4.80	0.17
1.90	4.90	0.17
1.90	5.00	0.17
1.90	5.10	0.17
1.90	5.20	0.17
1.90	5.30	0.17
1.90	5.40	0.17
1.90	5.50	0.17
1.90	5.60	0.17
1.90	5.70	0.17
1.90	5.80	0.17
1.90	5.90	0.17
1.90	6.00	0.17
1.90	6.10	0.17
1.90	6.20	0.17
1.90	6.30	0.17
1.90	6.40	0.17
1.90	6.50	0.17
1.90	6.60	0.17
1.90	6.70	0.17
1.90	6.80	0.17
1.90	6.90	0.17
1.90	7.00	0.17
2.00	0.00	0.01
2.00	0.10	0.01
2.00	0.20	0.01
2.00	0.30	0.01
2.00	0.40	0.01
2.00	0.50	0.01
2.00	0.60	0.01
2.00	0.70	0.01
2.00	0.80	0.01
2.00	0.90	0.01
2.00	1.00	0.01
2.00	1.10	0.01
2.00	1.20	0.01
2.00	1.30	0.01
2.00	1.40	0.01
2.00	1.50	0.01
2.00	1.60	0.01
2.00	1.70	0.01
2.00	1.80	0.01
2.00	1.90	0.01
2.00	2.00	0.01
2.00	2.10	0.01
2.00	2.20	0.01
2.00	2.30	0.01
2.00	2.40	0.01
2.00	2.50	0.01
2.00	2.60	0.01
2.00	2.70	0.01
2.00	2.80	0.01
2.00	2.90	0.01
2.00	3.00	0.01
2.00	3.10	0.01
2.00	3.20	0.01
2.00	3.30	0.01
2.00	3.40	0.01
2.00	3.50	0.01
2.00	3.60	0.01
2.00	3.70	0.01
2.00	3.80	0.01
2.00	3.90	0.01
2.00	4.00	0.01
2.00	4.10	0.01
2.00	4.20	0.01
2.00	4.30	0.01
2.00	4.40	0.01
2.00	4.50	0.01
2.00	4.60	0.01
2.00	4.70	0.01
2.00	4.80	0.01
2.00	4.90	0.01
2.00	5.00	0.01
2.00	5.10	0.01
2.00	5.20	0.01
2.00	5.30	0.01
2.00	5.40	0.01
2.00	5.50	0.01
2.00	5.60	0.01
2.00	5.70	0.01
2.00	5.80	0.01
2.00	5.90	0.01
2.00	6.00	0.01
2.00	6.10	0.01
2.00	6.20	0.01
2.00	6.30	0.01
2.00	6.40	0.01
2.00	6.50	0.01
2.00	6.60	0.01
2.00	6.70	0.01
2.00	6.80	0.01
2.00	6.90	0.01
2.00	7.00	0.01
2.10	0.00	-0.14
2.10	0.10	-0.14
2.10	0.20	-0.14
2.10	0.30	-0.14
2.10	0.40	-0.14
2.10	0.50	-0.14
2.10	0.60	-0.14
2.10	0.70	-0.14
2.10	0.80	-0.14
2.10	0.90	-0.14
2.10	1.00	-0.14
2.10	1.10	-0.14
2.10	1.20	-0.14
2.10	1.30	-0.14
2.10	1.40	-0.14
2.10	1.50	-0.14
2.10	1.60	-0.14
2.10	1.70	-0.14
2.10	1.80	-0.14
2.10	1.90	-0.14
2.10	2.00	-0.14
2.10	2.10	-0.14
2.10	2.20	-0.14
2.10	2.30	-0.14
2.10	2.40	-0.14
2.10	2.50	-0.14
2.10	2.60	-0.14
2.10	2.70	-0.14
2.10	2.80	-0.14
2.10	2.90	-0.14
2.10	3.00	-0.14
2.10	3.10	-0.14
2.10	3.20	-0.14
2.10	3.30	-0.14
2.10	3.40	-0.14
2.10	3.50	-0.14
2.10	3.60	-0.14
2.10	3.70	-0.14
2.10	3.80	-0.14
2.10	3.90	-0.14
2.10	4.00	-0.14
2.10	4.10	-0.14
2.10	4.20	-0.14
2.10	4.30	-0.14
2.10	4.40	-0.14
2.10	4.50	-0.14
2.10	4.60	-0.14
2.10	4.70	-0.14
2.10	4.80	-0.14
2.10	4.90	-0.14
2.10	5.00	-0.14
2.10	5.10	-0.14
2.10	5.20	-0.14
2.10	5.30	-0.14
2.10	5.40	-0.14
2.10	5.50	-0.14
2.10	5.60	-0.14
2.10	5.70	-0.14
2.10	5.80	-0.14
2.10	5.90	-0.14
2.10	6.00	-0.14
2.10	6.10	-0.14
2.10	6.20	-0.14
2.10	6.30	-0.14
2.10	6.40	-0.14
2.10	6.50	-0.14
2.10	6.60	-0.14
2.10	6.70	-0.14
2.10	6.80	-0.14
2.10	6.90	-0.14
2.10	7.00	-0.14
2.20	0.00	-0.29
2.20	0.10	-0.29
2.20	0.20	-0.29
2.20	0.30	-0.29
2.20	0.40	-0.29
2.20	0.50	-0.29
2.20	0.60	-0.29
2.20	0.70	-0.29
2.20	0.80	-0.29
2.20	0.90	-0.29
2.20	1.00	-0.29
2.20	1.10	-0.29
2.20	1.20	-0.29
2.20	1.30	-0.29
2.20	1.40	-0.29
2.20	1.50	-0.29
2.20	1.60	-0.29
2.20	1.70	-0.29
2.20	1.80	-0.29
2.20	1.90	-0.29
2.20	2.00	-0.29
2.20	2.10	-0.29
2.20	2.20	-0.29
2.20	2.30	-0.29
2.20	2.40	-0.29
2.20	2.50	-0.29
2.20	2.60	-0.29
2.20	2.70	-0.29
2.20	2.80	-0.29
2.20	2.90	-0.29
2.20	3.00	-0.29
2.20	3.10	-0.29
2.20	3.20	-0.29
2.20	3.30	-0.29
2.20	3.40	-0.29
2.20	3.50	-0.29
2.20	3.60	-0.29
2.20	3.70	-0.29
2.20	3.80	-0.29
2.20	3.90	-0.29
2.20	4.00	-0.29
2.20	4.10	-0.29
2.20	4.20	-0.29
2.20	4.30	-0.29
2.20	4.40	-0.29
2.20	4.50	-0.29
2.20	4.60	-0.29
2.20	4.70	-0.29
2.20	4.80	-0.29
2.20	4.90	-0.29
2.20	5.00	-0.29
2.20	5.10	-0.29
2.20	5.20	-0.29
2.20	5.30	-0.29
2.20	5.40	-0.29
2.20	5.50	-0.29
2.20	5.60	-0.29
2.20	5.70	-0.29
2.20	5.80	-0.29
2.20	5.90	-0.29
2.20	6.00	-0.29
2.20	6.10	-0.29
2.20	6.20	-0.29
2.20	6.30	-0.29
2.20	6.40	-0.29
2.20	6.50	-0.29
2.20	6.60	-0.29
2.20	6.70	-0.29
2.20	6.80	-0.29
2.20	6.90	-0.29
2.20	7.00	-0.29
2.30	0.00	-0.42
2.30	0.10	-0.42
2.30	0.20	-0.42
2.30	0.30	-0.42
2.30	0.40	-0.42
2.30	0.50	-0.42
2.30	0.60	-0.42
2.30	0.70	-0.42
2.30	0.80	-0.42
2.30	0.90	-0.42
2.30	1.00	-0.42
2.30	1.10	-0.42
2.30	1.20	-0.42
2.30	1.30	-0.42
2.30	1.40	-0.42
2.30	1.50	-0.42
2.30	1.60	-0.42
2.30	1.70	-0.42
2.30	1.80	-0.42
2.30	1.90	-0.42
2.30	2.00	-0.42
2.30	2.10	-0.42
2.30	2.20	-0.42
2.30	2.30	-0.42
2.30	2.40	-0.42
2.30	2.50	-0.42
2.30	2.60	-0.42
2.30	2.70	-0.42
2.30	2.80	-0.42
2.30	2.90	-0.42
2.30	3.00	-0.42
2.30	3.10	-0.42
2.30	3.20	-0.42
2.30	3.30	-0.42
2.30	3.40	-0.42
2.30	3.50	-0.42
2.30	3.60	-0.42
2.30	3.70	-0.42
2.30	3.80	-0.42
2.30	3.90	-0.42
2.30	4.00	-0.42
2.30	4.10	-0.42
2.30	4.20	-0.42
2.30	4.30	-0.42
2.30	4.40	-0.42
2.30	4.50	-0.42
2.30	4.60	-0.42
2.30	4.70	-0.42
2.30	4.80	-0.42
2.30	4.90	-0.42
2.30	5.00	-0.42
2.30	5.10	-0.42
2.30	5.20	-0.42
2.30	5.30	-0.42
2.30	5.40	-0.42
2.30	5.50	-0.42
2.30	5.60	-0.42
2.30	5.70	-0.42
2.30	5.80	-0.42
2.30	5.90	-0.42
2.30	6.00	-0.42
2.30	6.10	-0.42
2.30	6.20	-0.42
2.30	6.30	-0.42
2.30	6.40	-0.42
2.30	6.50	-0.42
2.30	6.60	-0.42
2.30	6.70	-0.42
2.30	6.80	-0.42
2.30	6.90	-0.42
2.30	7.00	-0.42
2.40	0.00	-0.54
2.40	0.10	-0.54
2.40	0.20	-0.54
2.40	0.30	-0.54
2.40	0.40	-0.54
2.40	0.50	-0.54
2.40	0.60	-0.54
2.40	0.70	-0.54
2.40	0.80	-0.54
2.40	0.90	-0.54
2.40	1.00	-0.54
2.40	1.10	-0.54
2.40	1.20	-0.54
2.40	1.30	-0.54
2.40	1.40	-0.54
2.40	1.50	-0.54
2.40	1.60	-0.54
2.40	1.70	-0.54
2.40	1.80	-0.54
2.40	1.90	-0.54
2.40	2.00	-0.54
2.40	2.10	-0.54
2.40	2.20	-0.54
2.40	2.30	-0.54
2.40	2.40	-0.54
2.40	2.50	-0.54
2.40	2.60	-0.54
2.40	2.70	-0.54
2.40	2.80	-0.54
2.40	2.90	-0.54
2.40	3.00	-0.54
2.40	3.10	-0.54
2.40	3.20	-0.54
2.40	3.30	-0.54
2.40	3.40	-0.54
2.40	3.50	-0.54
2.40	3.60	-0.54
2.40	3.70	-0.54
2.40	3.80	-0.54
2.40	3.90	-0.54
2.40	4.00	-0.54
2.40	4.10	-0.54
2.40	4.20	-0.54
2.40	4.30	-0.54
2.40	4.40	-0.54
2.40	4.50	-0.54
2.40	4.60	-0.54
2.40	4.70	-0.54
2.40	4.80	-0.54
2.40	4.90	-0.54
2.40	5.00	-0.54
2.40	5.10	-0.54
2.40	5.20	-0.54
2.40	5.30	-0.54
2.40	5.40	-0.54
2.40	5.50	-0.54
2.40	5.60	-0.54
2.40	5.70	-0.54
2.40	5.80	-0.54
2.40	5.90	-0.54
2.40	6.00	-0.54
2.40	6.10	-0.54
2.40	6.20	-0.54
2.40	6.30	-0.54
2.40	6.40	-0.54
2.40	6.50	-0.54
2.40	6.60	-0.54
2.40	6.70	-0.54
2.40	6.80	-0.54
2.40	6.90	-0.54
2.40	7.00	-0.54
2.50	0.00	-0.65
2.50	0.10	-0.65
2.50	0.20	-0.65
2.50	0.30	-0.65
2.50	0.40	-0.65
2.50	0.50	-0.65
2.50	0.60	-0.65
2.50	0.70	-0.65
2.50	0.80	-0.65
2.50	0.90	-0.65
2.50	1.00	-0.65
2.50	1.10	-0.65
2.50	1.20	-0.65
2.50	1.30	-0.65
2.50	1.40	-0.65
2.50	1.50	-0.65
2.50	1.60	-0.65
2.50	1.70	-0.65
2.50	1.80	-0.65
2.50	1.90	-0.65
2.50	2.00	-0.65
2.50	2.10	-0.65
2.50	2.20	-0.65
2.50	2.30	-0.65
2.50	2.40	-0.65
2.50	2.50	-0.65
2.50	2.60	-0.65
2.50	2.70	-0.65
2.50	2.80	-0.65
2.50	2.90	-0.65
2.50	3.00	-0.65
2.50	3.10	-0.65
2.50	3.20	-0.65
2.50	3.30	-0.65
2.50	3.40	-0.65
2.50	3.50	-0.65
2.50	3.60	-0.65
2.50	3.70	-0.65
2.50	3.80	-0.65
2.50	3.90	-0.65
2.50	4.00	-0.65
2.50	4.10	-0.65
2.50	4.20	-0.65
2.50	4.30	-0.65
2.50	4.40	-0.65
2.50	4.50	-0.65
2.50	4.60	-0.65
2.50	4.70	-0.65
2.50	4.80	-0.65
2.50	4.90	-0.65
2.50	5.00	-0.65
2.50	5.10	-0.65
2.50	5.20	-0.65
2.50	5.30	-0.65
2.50	5.40	-0.65
2.50	5.50	-0.65
2.50	5.60	-0.65
2.50	5.70	-0.65
2.50	5.80	-0.65
2.50	5.90	-0.65
2.50	6.00	-0.65
2.50	6.10	-0.65
2.50	6.20	-0.65
2.50	6.30	-0.65
2.50	6.40	-0.65
2.50	6.50	-0.65
2.50	6.60	-0.65
2.50	6.70	-0.65
2.50	6.80	-0.65
2.50	6.90	-0.65
2.50	7.00	-0.65
2.60	0.00	-0.75
2.60	0.10	-0.75
2.60	0.20	-0.75
2.60	0.30	-0.75
2.60	0.40	-0.75
2.60	0.50	-0.75
2.60	0.60	-0.75
2.60	0.70	-0.75
2.60	0.80	-0.75
2.60	0.90	-0.75
2.60	1.00	-0.75
2.60	1.10	-0.75
2.60	1.20	-0.75
2.60	1.30	-0.75
2.60	1.40	-0.75
2.60	1.50	-0.75
2.60	1.60	-0.75
2.60	1.70	-0.75
2.60	1.80	-0.75
2.60	1.90	-0.75
2.60	2.00	-0.75
2.60	2.10	-0.75
2.60	2.20	-0.75
2.60	2.30	-0.75
2.60	2.40	-0.75
2.60	2.50	-0.75
2.60	2.60	-0.75
2.60	2.70	-0.75
2.60	2.80	-0.75
2.60	2.90	-0.75
2.60	3.00	-0.75
2.60	3.10	-0.75
2.60	3.20	-0.75
2.60	3.30	-0.75
2.60	3.40	-0.75
2.60	3.50	-0.75
2.60	3.60	-0.75
2.60	3.70	-0.75
2.60	3.80	-0.75
2.60	3.90	-0.75
2.60	4.00	-0.75
2.60	4.10	-0.75
2.60	4.20	-0.75
2.60	4.30	-0.75
2.60	4.40	-0.75
2.60	4.50	-0.75
2.60	4.60	-0.75
2.60	4.70	-0.75
2.60	4.80	-0.75
2.60	4.90	-0.75
2.60	5.00	-0.75
2.60	5.10	-0.75
2.60	5.20	-0.75
2.60	5.30	-0.75
2.60	5.40	-0.75
2.60	5.50	-0.75
2.60	5.60	-0.75
2.60	5.70	-0.75
2.60	5.80	-0.75
2.60	5.90	-0.75
2.60	6.00	-0.75
2.60	6.10	-0.75
2.60	6.20	-0.75
2.60	6.30	-0.75
2.60	6.40	-0.75
2.60	6.50	-0.75
2.60	6.60	-0.75
2.60	6.70	-0.75
2.60	6.80	-0.75
2.60	6.90	-0.75
2.60	7.00	-0.75
2.70	0.00	-0.83
2.70	0.10	-0.83
2.70	0.20	-0.83
2.70	0.30	-0.83
2.70	0.40	-0.83
2.70	0.50	-0.83
2.70	0.60	-0.83
2.70	0.70	-0.83
2.70	0.80	-0.83
2.70	0.90	-0.83
2.70	1.00	-0.83
2.70	1.10	-0.83
2.70	1.20	-0.83
2.70	1.30	-0.83
2.70	1.40	-0.83
2.70	1.50	-0.83
2.70	1.60	-0.83
2.70	1.70	-0.83
2.70	1.80	-0.83
2.70	1.90	-0.83
2.70	2.00	-0.83
2.70	2.10	-0.83
2.70	2.20	-0.83
2.70	2.30	-0.83
2.70	2.40	-0.83
2.70	2.50	-0.83
2.70	2.60	-0.83
2.70	2.70	-0.83
2.70	2.80	-0.83
2.70	2.90	-0.83
2.70	3.00	-0.83
2.70	3.10	-0.83
2.70	3.20	-0.83
2.70	3.30	-0.83
2.70	3.40	-0.83
2.70	3.50	-0.83
2.70	3.60	-0.83
2.70	3.70	-0.83
2.70	3.80	-0.83
2.70	3.90	-0.83
2.70	4.00	-0.83
2.70	4.10	-0.83
2.70	4.20	-0.83
2.70	4.30	-0.83
2.70	4.40	-0.83
2.70	4.50	-0.83
2.70	4.60	-0.83
2.70	4.70	-0.83
2.70	4.80	-0.83
2.70	4.90	-0.83
2.70	5.00	-0.83
2.70	5.10	-0.83
2.70	5.20	-0.83
2.70	5.30	-0.83
2.70	5.40	-0.83
2.70	5.50	-0.83
2.70	5.60	-0.83
2.70	5.70	-0.83
2.70	5.80	-0.83
2.70	5.90	-0.83
2.70	6.00	-0.83
2.70	6.10	-0.83
2.70	6.20	-0.83
2.70	6.30	-0.83
2.70	6.40	-0.83
2.70	6.50	-0.83
2.70	6.60	-0.83
2.70	6.70	-0.83
2.70	6.80	-0.83
2.70	6.90	-0.83
2.70	7.00	-0.83
2.80	0.00	-0.90
2.80	0.10	-0.90
2.80	0.20	-0.90
2.80	0.30	-0.90
2.80	0.40	-0.90
2.80	0.50	-0.90
2.80	0.60	-0.90
2.80	0.70	-0.90
2.80	0.80	-0.90
2.80	0.90	-0.90
2.80	1.00	-0.90
2.80	1.10	-0.90
2.80	1.20	-0.90
2.80	1.30	-0.90
2.80	1.40	-0.90
2.80	1.50	-0.90
2.80	1.60	-0.90
2.80	1.70	-0.90
2.80	1.80	-0.90
2.80	1.90	-0.90
2.80	2.00	-0.90
2.80	2.10	-0.90
2.80	2.20	-0.90
2.80	2.30	-0.90
2.80	2.40	-0.90
2.80	2.50	-0.90
2.80	2.60	-0.90
2.80	2.70	-0.90
2.80	2.80	-0.90
2.80	2.90	-0.90
2.80	3.00	-0.90
2.80	3.10	-0.90
2.80	3.20	-0.90
2.80	3.30	-0.90
2.80	3.40	-0.90
2.80	3.50	-0.90
2.80	3.60	-0.90
2.80	3.70	-0.90
2.80	3.80	-0.90
2.80	3.90	-0.90
2.80	4.00	-0.90
2.80	4.10	-0.90
2.80	4.20	-0.90
2.80	4.30	-0.90
2.80	4.40	-0.90
2.80	4.50	-0.90
2.80	4.60	-0.90
2.80	4.70	-0.90
2.80	4.80	-0.90
2.80	4.90	-0.90
2.80	5.00	-0.90
2.80	5.10	-0.90
2.80	5.20	-0.90
2.80	5.30	-0.90
2.80	5.40	-0.90
2.80	5.50	-0.90
2.80	5.60	-0.90
2.80	5.70	-0.90
2.80	5.80	-0.90
2.80	5.90	-0.90
2.80	6.00	-0.90
2.80	6.10	-0.90
2.80	6.20	-0.90
2.80	6.30	-0.90
2.80	6.40	-0.90
2.80	6.50	-0.90
2.80	6.60	-0.90
2.80	6.70	-0.90
2.80	6.80	-0.90
2.80	6.90	-0.90
2.80	7.00	-0.90
2.90	0.00	-0.95
2.90	0.10	-0.95
2.90	0.20	-0.95
2.90	0.30	-0.95
2.90	0.40	-0.95
2.90	0.50	-0.95
2.90	0.60	-0.95
2.90	0.70	-0.95
2.90	0.80	-0.95
2.90	0.90	-0.95
2.90	1.00	-0.95
2.90	1.10	-0.95
2.90	1.20	-0.95
2.90	1.30	-0.95
2.90	1.40	-0.95
2.90	1.50	-0.95
2.90	1.60	-0.95
2.90	1.70	-0.95
2.90	1.80	-0.95
2.90	1.90	-0.95
2.90	2.00	-0.95
2.90	2.10	-0.95
2.90	2.20	-0.95
2.90	2.30	-0.95
2.90	2.40	-0.95
2.90	2.50	-0.95
2.90	2.60	-0.95
2.90	2.70	-0.95
2.90	2.80	-0.95
2.90	2.90	-0.95
2.90	3.00	-0.95
2.90	3.10	-0.95
2.90	3.20	-0.95
2.90	3.30	-0.95
2.90	3.40	-0.95
2.90	3.50	-0.95
2.90	3.60	-0.95
2.90	3.70	-0.95
2.90	3.80	-0.95
2.90	3.90	-0.95
2.90	4.00	-0.95
2.90	4.10	-0.95
2.90	4.20	-0.95
2.90	4.30	-0.95
2.90	4.40	-0.95
2.90	4.50	-0.95
2.90	4.60	-0.95
2.90	4.70	-0.95
2.90	4.80	-0.95
2.90	4.90	-0.95
2.90	5.00	-0.95
2.90	5.10	-0.95
2.90	5.20	-0.95
2.90	5.30	-0.95
2.90	5.40	-0.95
2.90	5.50	-0.95
2.90	5.60	-0.95
2.90	5.70	-0.95
2.90	5.80	-0.95
2.90	5.90	-0.95
2.90	6.00	-0.95
2.90	6.10	-0.95
2.90	6.20	-0.95
2.90	6.30	-0.95
2.90	6.40	-0.95
2.90	6.50	-0.95
2.90	6.60	-0.95
2.90	6.70	-0.95
2.90	6.80	-0.95
2.90	6.90	-0.95
2.90	7.00	-0.95
3.00	0.00	-0.98
3.00	0.10	-0.98
3.00	0.20	-0.98
3.00	0.30	-0.98
3.00	0.40	-0.98
3.00	0.50	-0.98
3.00	0.60	-0.98
3.00	0.70	-0.98
3.00	0.80	-0.98
3.00	0.90	-0.98
3.00	1.00	-0.98
3.00	1.10	-0.98
3.00	1.20	-0.98
3.00	1.30	-0.98
3.00	1.40	-0.98
3.00	1.50	-0.98
3.00	1.60	-0.98
3.00	1.70	-0.98
3.00	1.80	-0.98
3.00	1.90	-0.98
3.00	2.00	-0.98
3.00	2.10	-0.98
3.00	2.20	-0.98
3.00	2.30	-0.98
3.00	2.40	-0.98
3.00	2.50	-0.98
3.00	2.60	-0.98
3.00	2.70	-0.98
3.00	2.80	-0.98
3.00	2.90	-0.98
3.00	3.00	-0.98
3.00	3.10	-0.98
3.00	3.20	-0.98
3.00	3.30	-0.98
3.00	3.40	-0.98
3.00	3.50	-0.98
3.00	3.60	-0.98
3.00	3.70	-0.98
3.00	3.80	-0.98
3.00	3.90	-0.98
3.00	4.00	-0.98
3.00	4.10	-0.98
3.00	4.20	-0.98
3.00	4.30	-0.98
3.00	4.40	-0.98
3.00	4.50	-0.98
3.00	4.60	-0.98
3.00	4.70	-0.98
3.00	4.80	-0.98
3.00	4.90	-0.98
3.00	5.00	-0.98
3.00	5.10	-0.98
3.00	5.20	-0.98
3.00	5.30	-0.98
3.00	5.40	-0.98
3.00	5.50	-0.98
3.00	5.60	-0.98
3.00	5.70	-0.98
3.00	5.80	-0.98
3.00	5.90	-0.98
3.00	6.00	-0.98
3.00	6.10	-0.98
3.00	6.20	-0.98
3.00	6.30	-0.98
3.00	6.40	-0.98
3.00	6.50	-0.98
3.00	6.60	-0.98
3.00	6.70	-0.98
3.00	6.80	-0.98
3.00	6.90	-0.98
3.00	7.00	-0.98
3.10	0.00	-1.00
3.10	0.10	-1.00
3.10	0.20	-1.00
3.10	0.30	-1.00
3.10	0.40	-1.00
3.10	0.50	-1.00
3.10	0.60	-1.00
3.10	0.70	-1.00
3.10	0.80	-1.00
3.10	0.90	-1.00
3.10	1.00	-1.00
3.10	1.10	-1.00
3.10	1.20	-1.00
3.10	1.30	-1.00
3.10	1.40	-1.00
3.10	1.50	-1.00
3.10	1.60	-1.00
3.10	1.70	-1.00
3.10	1.80	-1.00
3.10	1.90	-1.00
3.10	2.00	-1.00
3.10	2.10	-1.00
3.10	2.20	-1.00
3.10	2.30	-1.00
3.10	2.40	-1.00
3.10	2.50	-1.00
3.10	2.60	-1.00
3.10	2.70	-1.00
3.10	2.80	-1.00
3.10	2.90	-1.00
3.10	3.00	-1.00
3.10	3.10	-1.00
3.10	3.20	-1.00
3.10	3.30	-1.00
3.10	3.40	-1.00
3.10	3.50	-1.00
3.10	3.60	-1.00
3.10	3.70	-1.00
3.10	3.80	-1.00
3.10	3.90	-1.00
3.10	4.00	-1.00
3.10	4.10	-1.00
3.10	4.20	-1.00
3.10	4.30	-1.00
3.10	4.40	-1.00
3.10	4.50	-1.00
3.10	4.60	-1.00
3.10	4.70	-1.00
3.10	4.80	-1.00
3.10	4.90	-1.00
3.10	5.00	-1.00
3.10	5.10	-1.00
3.10	5.20	-1.00
3.10	5.30	-1.00
3.10	5.40	-1.00
3.10	5.50	-1.00
3.10	5.60	-1.00
3.10	5.70	-1.00
3.10	5.80	-1.00
3.10	5.90	-1.00
3.10	6.00	-1.00
3.10	6.10	-1.00
3.10	6.20	-1.00
3.10	6.30	-1.00
3.10	6.40	-1.00
3.10	6.50	-1.00
3.10	6.60	-1.00
3.10	6.70	-1.00
3.10	6.80	-1.00
3.10	6.90	-1.00
3.10	7.00	-1.00
3.20	0.00	-1.00
3.20	0.10	-1.00
3.20	0.20	-1.00
3.20	0.30	-1.00
3.20	0.40	-1.00
3.20	0.50	-1.00
3.20	0.60	-1.00
3.20	0.70	-1.00
3.20	0.80	-1.00
3.20	0.90	-1.00
3.20	1.00	-1.00
3.20	1.10	-1.00
3.20	1.20	-1.00
3.20	1.30	-1.00
3.20	1.40	-1.00
3.20	1.50	-1.00
3.20	1.60	-1.00
3.20	1.70	-1.00
3.20	1.80	-1.00
3.20	1.90	-1.00
3.20	2.00	-1.00
3.20	2.10	-1.00
3.20	2.20	-1.00
3.20	2.30	-1.00
3.20	2.40	-1.00
3.20	2.50	-1.00
3.20	2.60	-1.00
3.20	2.70	-1.00
3.20	2.80	-1.00
3.20	2.90	-1.00
3.20	3.00	-1.00
3.20	3.10	-1.00
3.20	3.20	-1.00
3.20	3.30	-1.00
3.20	3.40	-1.00
3.20	3.50	-1.00
3.20	3.60	-1.00
3.20	3.70	-1.00
3.20	3.80	-1.00
3.20	3.90	-1.00
3.20	4.00	-1.00
3.20	4.10	-1.00
3.20	4.20	-1.00
3.20	4.30	-1.00
3.20	4.40	-1.00
3.20	4.50	-1.00
3.20	4.60	-1.00
3.20	4.70	-1.00
3.20	4.80	-1.00
3.20	4.90	-1.00
3.20	5.00	-1.00
3.20	5.10	-1.00
3.20	5.20	-1.00
3.20	5.30	-1.00
3.20	5.40	-1.00
3.20	5.50	-1.00
3.20	5.60	-1.00
3.20	5.70	-1.00
3.20	5.80	-1.00
3.20	5.90	-1.00
3.20	6.00	-1.00
3.20	6.10	-1.00
3.20	6.20	-1.00
3.20	6.30	-1.00
3.20	6.40	-1.00
3.20	6.50	-1.00
3.20	6.60	-1.00
3.20	6.70	-1.00
3.20	6.80	-1.00
3.20	6.90	-1.00
3.20	7.00	-1.00
3.30	0.00	-0.98
3.30	0.10	-0.98
3.30	0.20	-0.98
3.30	0.30	-0.98
3.30	0.40	-0.98
3.30	0.50	-0.98
3.30	0.60	-0.98
3.30	0.70	-0.98
3.30	0.80	-0.98
3.30	0.90	-0.98
3.30	1.00	-0.98
3.30	1.10	-0.98
3.30	1.20	-0.98
3.30	1.30	-0.98
3.30	1.40	-0.98
3.30	1.50	-0.98
3.30	1.60	-0.98
3.30	1.70	-0.98
3.30	1.80	-0.98
3.30	1.90	-0.98
3.30	2.00	-0.98
3.30	2.10	-0.98
3.30	2.20	-0.98
3.30	2.30	-0.98
3.30	2.40	-0.98
3.30	2.50	-0.98
3.30	2.60	-0.98
3.30	2.70	-0.98
3.30	2.80	-0.98
3.30	2.90	-0.98
3.30	3.00	-0.98
3.30	3.10	-0.98
3.30	3.20	-0.98
3.30	3.30	-0.98
3.30	3.40	-0.98
3.30	3.50	-0.98
3.30	3.60	-0.98
3.30	3.70	-0.98
3.30	3.80	-0.98
3.30	3.90	-0.98
3.30	4.00	-0.98
3.30	4.10	-0.98
3.30	4.20	-0.98
3.30	4.30	-0.98
3.30	4.40	-0.98
3.30	4.50	-0.98
3.30	4.60	-0.98
3.30	4.70	-0.98
3.30	4.80	-0.98
3.30	4.90	-0.98
3.30	5.00	-0.98
3.30	5.10	-0.98
3.30	5.20	-0.98
3.30	5.30	-0.98
3.30	5.40	-0.98
3.30	5.50	-0.98
3.30	5.60	-0.98
3.30	5.70	-0.98
3.30	5.80	-0.98
3.30	5.90	-0.98
3.30	6.00	-0.98
3.30	6.10	-0.98
3.30	6.20	-0.98
3.30	6.30	-0.98
3.30	6.40	-0.98
3.30	6.50	-0.98
3.30	6.60	-0.98
3.30	6.70	-0.98
3.30	6.80	-0.98
3.30	6.90	-0.98
3.30	7.00	-0.98
3.40	0.00	-0.94
3.40	0.10	-0.94
3.40	0.20	-0.94
3.40	0.30	-0.94
3.40	0.40	-0.94
3.40	0.50	-0.94
3.40	0.60	-0.94
3.40	0.70	-0.94
3.40	0.80	-0.94
3.40	0.90	-0.94
3.40	1.00	-0.94
3.40	1.10	-0.94
3.40	1.20	-0.94
3.40	1.30	-0.94
3.40	1.40	-0.94
3.40	1.50	-0.94
3.40	1.60	-0.94
3.40	1.70	-0.94
3.40	1.80	-0.94
3.40	1.90	-0.94
3.40	2.00	-0.94
3.40	2.10	-0.94
3.40	2.20	-0.94
3.40	2.30	-0.94
3.40	2.40	-0.94
3.40	2.50	-0.94
3.40	2.60	-0.94
3.40	2.70	-0.94
3.40	2.80	-0.94
3.40	2.90	-0.94
3.40	3.00	-0.94
3.40	3.10	-0.94
3.40	3.20	-0.94
3.40	3.30	-0.94
3.40	3.40	-0.94
3.40	3.50	-0.94
3.40	3.60	-0.94
3.40	3.70	-0.94
3.40	3.80	-0.94
3.40	3.90	-0.94
3.40	4.00	-0.94
3.40	4.10	-0.94
3.40	4.20	-0.94
3.40	4.30	-0.94
3.40	4.40	-0.94
3.40	4.50	-0.94
3.40	4.60	-0.94
3.40	4.70	-0.94
3.40	4.80	-0.94
3.40	4.90	-0.94
3.40	5.00	-0.94
3.40	5.10	-0.94
3.40	5.20	-0.94
3.40	5.30	-0.94
3.40	5.40	-0.94
3.40	5.50	-0.94
3.40	5.60	-0.94
3.40	5.70	-0.94
3.40	5.80	-0.94
3.40	5.90	-0.94
3.40	6.00	-0.94
3.40	6.10	-0.94
3.40	6.20	-0.94
3.40	6.30	-0.94
3.40	6.40	-0.94
3.40	6.50	-0.94
3.40	6.60	-0.94
3.40	6.70	-0.94
3.40	6.80	-0.94
3.40	6.90	-0.94
3.40	7.00	-0.94
3.50	0.00	-0.89
3.50	0.10	-0.89
3.50	0.20	-0.89
3.50	0.30	-0.89
3.50	0.40	-0.89
3.50	0.50	-0.89
3.50	0.60	-0.89
3.50	0.70	-0.89
3.50	0.80	-0.89
3.50	0.90	-0.89
3.50	1.00	-0.89
3.50	1.10	-0.89
3.50	1.20	-0.89
3.50	1.30	-0.89
3.50	1.40	-0.89
3.50	1.50	-0.89
3.50	1.60	-0.89
3.50	1.70	-0.89
3.50	1.80	-0.89
3.50	1.90	-0.89
3.50	2.00	-0.89
3.50	2.10	-0.89
3.50	2.20	-0.89
3.50	2.30	-0.89
3.50	2.40	-0.89
3.50	2.50	-0.89
3.50	2.60	-0.89
3.50	2.70	-0.89
3.50	2.80	-0.89
3.50	2.90	-0.89
3.50	3.00	-0.89
3.50	3.10	-0.89
3.50	3.20	-0.89
3.50	3.30	-0.89
3.50	3.40	-0.89
3.50	3.50	-0.89
3.50	3.60	-0.89
3.50	3.70	-0.89
3.50	3.80	-0.89
3.50	3.90	-0.89
3.50	4.00	-0.89
3.50	4.10	-0.89
3.50	4.20	-0.89
3.50	4.30	-0.89
3.50	4.40	-0.89
3.50	4.50	-0.89
3.50	4.60	-0.89
3.50	4.70	-0.89
3.50	4.80	-0.89
3.50	4.90	-0.89
3.50	5.00	-0.89
3.50	5.10	-0.89
3.50	5.20	-0.89
3.50	5.30	-0.89
3.50	5.40	-0.89
3.50	5.50	-0.89
3.50	5.60	-0.89
3.50	5.70	-0.89
3.50	5.80	-0.89
3.50	5.90	-0.89
3.50	6.00	-0.89
3.50	6.10	-0.89
3.50	6.20	-0.89
3.50	6.30	-0.89
3.50	6.40	-0.89
3.50	6.50	-0.89
3.50	6.60	-0.89
3.50	6.70	-0.89
3.50	6.80	-0.89
3.50	6.90	-0.89
3.50	7.00	-0.89
3.60	0.00	-0.82
3.60	0.10	-0.82
3.60	0.20	-0.82
3.60	0.30	-0.82
3.60	0.40	-0.82
3.60	0.50	-0.82
3.60	0.60	-0.82
3.60	0.70	-0.82
3.60	0.80	-0.82
3.60	0.90	-0.82
3.60	1.00	-0.82
3.60	1.10	-0.82
3.60	1.20	-0.82
3.60	1.30	-0.82
3.60	1.40	-0.82
3.60	1.50	-0.82
3.60	1.60	-0.82
3.60	1.70	-0.82
3.60	1.80	-0.82
3.60	1.90	-0.82
3.60	2.00	-0.82
3.60	2.10	-0.82
3.60	2.20	-0.82
3.60	2.30	-0.82
3.60	2.40	-0.82
3.60	2.50	-0.82
3.60	2.60	-0.82
3.60	2.70	-0.82
3.60	2.80	-0.82
3.60	2.90	-0.82
3.60	3.00	-0.82
3.60	3.10	-0.82
3.60	3.20	-0.82
3.60	3.30	-0.82
3.60	3.40	-0.82
3.60	3.50	-0.82
3.60	3.60	-0.82
3.60	3.70	-0.82
3.60	3.80	-0.82
3.60	3.90	-0.82
3.60	4.00	-0.82
3.60	4.10	-0.82
3.60	4.20	-0.82
3.60	4.30	-0.82
3.60	4.40	-0.82
3.60	4.50	-0.82
3.60	4.60	-0.82
3.60	4.70	-0.82
3.60	4.80	-0.82
3.60	4.90	-0.82
3.60	5.00	-0.82
3.60	5.10	-0.82
3.60	5.20	-0.82
3.60	5.30	-0.82
3.60	5.40	-0.82
3.60	5.50	-0.82
3.60	5.60	-0.82
3.60	5.70	-0.82
3.60	5.80	-0.82
3.60	5.90	-0.82
3.60	6.00	-0.82
3.60	6.10	-0.82
3.60	6.20	-0.82
3.60	6.30	-0.82
3.60	6.40	-0.82
3.60	6.50	-0.82
3.60	6.60	-0.82
3.60	6.70	-0.82
3.60	6.80	-0.82
3.60	6.90	-0.82
3.60	7.00	-0.82
3.70	0.00	-0.73
3.70	0.10	-0.73
3.70	0.20	-0.73
3.70	0.30	-0.73
3.70	0.40	-0.73
3.70	0.50	-0.73
3.70	0.60	-0.73
3.70	0.70	-0.73
3.70	0.80	-0.73
3.70	0.90	-0.73
3.70	1.00	-0.73
3.70	1.10	-0.73
3.70	1.20	-0.73
3.70	1.30	-0.73
3.70	1.40	-0.73
3.70	1.50	-0.73
3.70	1.60	-0.73
3.70	1.70	-0.73
3.70	1.80	-0.73
3.70	1.90	-0.73
3.70	2.00	-0.73
3.70	2.10	-0.73
3.70	2.20	-0.73
3.70	2.30	-0.73
3.70	2.40	-0.73
3.70	2.50	-0.73
3.70	2.60	-0.73
3.70	2.70	-0.73
3.70	2.80	-0.73
3.70	2.90	-0.73
3.70	3.00	-0.73
3.70	3.10	-0.73
3.70	3.20	-0.73
3.70	3.30	-0.73
3.70	3.40	-0.73
3.70	3.50	-0.73
3.70	3.60	-0.73
3.70	3.70	-0.73
3.70	3.80	-0.73
3.70	3.90	-0.73
3.70	4.00	-0.73
3.70	4.10	-0.73
3.70	4.20	-0.73
3.70	4.30	-0.73
3.70	4.40	-0.73
3.70	4.50	-0.73
3.70	4.60	-0.73
3.70	4.70	-0.73
3.70	4.80	-0.73
3.70	4.90	-0.73
3.70	5.00	-0.73
3.70	5.10	-0.73
3.70	5.20	-0.73
3.70	5.30	-0.73
3.70	5.40	-0.73
3.70	5.50	-0.73
3.70	5.60	-0.73
3.70	5.70	-0.73
3.70	5.80	-0.73
3.70	5.90	-0.73
3.70	6.00	-0.73
3.70	6.10	-0.73
3.70	6.20	-0.73
3.70	6.30	-0.73
3.70	6.40	-0.73
3.70	6.50	-0.73
3.70	6.60	-0.73
3.70	6.70	-0.73
3.70	6.80	-0.73
3.70	6.90	-0.73
3.70	7.00	-0.73
3.80	0.00	-0.64
3.80	0.10	-0.64
3.80	0.20	-0.64
3.80	0.30	-0.64
3.80	0.40	-0.64
3.80	0.50	-0.64
3.80	0.60	-0.64
3.80	0.70	-0.64
3.80	0.80	-0.64
3.80	0.90	-0.64
3.80	1.00	-0.64
3.80	1.10	-0.64
3.80	1.20	-0.64
3.80	1.30	-0.64
3.80	1.40	-0.64
3.80	1.50	-0.64
3.80	1.60	-0.64
3.80	1.70	-0.64
3.80	1.80	-0.64
3.80	1.90	-0.64
3.80	2.00	-0.64
3.80	2.10	-0.64
3.80	2.20	-0.64
3.80	2.30	-0.64
3.80	2.40	-0.64
3.80	2.50	-0.64
3.80	2.60	-0.64
3.80	2.70	-0.64
3.80	2.80	-0.64
3.80	2.90	-0.64
3.80	3.00	-0.64
3.80	3.10	-0.64
3.80	3.20	-0.64
3.80	3.30	-0.64
3.80	3.40	-0.64
3.80	3.50	-0.64
3.80	3.60	-0.64
3.80	3.70	-0.64
3.80	3.80	-0.64
3.80	3.90	-0.64
3.80	4.00	-0.64
3.80	4.10	-0.64
3.80	4.20	-0.64
3.80	4.30	-0.64
3.80	4.40	-0.64
3.80	4.50	-0.64
3.80	4.60	-0.64
3.80	4.70	-0.64
3.80	4.80	-0.64
3.80	4.90	-0.64
3.80	5.00	-0.64
3.80	5.10	-0.64
3.80	5.20	-0.64
3.80	5.30	-0.64
3.80	5.40	-0.64
3.80	5.50	-0.64
3.80	5.60	-0.64
3.80	5.70	-0.64
3.80	5.80	-0.64
3.80	5.90	-0.64
3.80	6.00	-0.64
3.80	6.10	-0.64
3.80	6.20	-0.64
3.80	6.30	-0.64
3.80	6.40	-0.64
3.80	6.50	-0.64
3.80	6.60	-0.64
3.80	6.70	-0.64
3.80	6.80	-0.64
3.80	6.90	-0.64
3.80	7.00	-0.64
3.90	0.00	-0.52
3.90	0.10	-0.52
3.90	0.20	-0.52
3.90	0.30	-0.52
3.90	0.40	-0.52
3.90	0.50	-0.52
3.90	0.60	-0.52
3.90	0.70	-0.52
3.90	0.80	-0.52
3.90	0.90	-0.52
3.90	1.00	-0.52
3.90	1.10	-0.52
3.90	1.20	-0.52
3.90	1.30	-0.52
3.90	1.40	-0.52
3.90	1.50	-0.52
3.90	1.60	-0.52
3.90	1.70	-0.52
3.90	1.80	-0.52
3.90	1.90	-0.52
3.90	2.00	-0.52
3.90	2.10	-0.52
3.90	2.20	-0.52
3.90	2.30	-0.52
3.90	2.40	-0.52
3.90	2.50	-0.52
3.90	2.60	-0.52
3.90	2.70	-0.52
3.90	2.80	-0.52
3.90	2.90	-0.52
3.90	3.00	-0.52
3.90	3.10	-0.52
3.90	3.20	-0.52
3.90	3.30	-0.52
3.90	3.40	-0.52
3.90	3.50	-0.52
3.90	3.60	-0.52
3.90	3.70	-0.52
3.90	3.80	-0.52
3.90	3.90	-0.52
3.90	4.00	-0.52
3.90	4.10	-0.52
3.90	4.20	-0.52
3.90	4.30	-0.52
3.90	4.40	-0.52
3.90	4.50	-0.52
3.90	4.60	-0.52
3.90	4.70	-0.52
3.90	4.80	-0.52
3.90	4.90	-0.52
3.90	5.00	-0.52
3.90	5.10	-0.52
3.90	5.20	-0.52
3.90	5.30	-0.52
3.90	5.40	-0.52
3.90	5.50	-0.52
3.90	5.60	-0.52
3.90	5.70	-0.52
3.90	5.80	-0.52
3.90	5.90	-0.52
3.90	6.00	-0.52
3.90	6.10	-0.52
3.90	6.20	-0.52
3.90	6.30	-0.52
3.90	6.40	-0.52
3.90	6.50	-0.52
3.90	6.60	-0.52
3.90	6.70	-0.52
3.90	6.80	-0.52
3.90	6.90	-0.52
3.90	7.00	-0.52
4.00	0.00	-0.40
4.00	0.10	-0.40
4.00	0.20	-0.40
4.00	0.30	-0.40
4.00	0.40	-0.40
4.00	0.50	-0.40
4.00	0.60	-0.40
4.00	0.70	-0.40
4.00	0.80	-0.40
4.00	0.90	-0.40
4.00	1.00	-0.40
4.00	1.10	-0.40
4.00	1.20	-0.40
4.00	1.30	-0.40
4.00	1.40	-0.40
4.00	1.50	-0.40
4.00	1.60	-0.40
4.00	1.70	-0.40
4.00	1.80	-0.40
4.00	1.90	-0.40
4.00	2.00	-0.40
4.00	2.10	-0.40
4.00	2.20	-0.40
4.00	2.30	-0.40
4.00	2.40	-0.40
4.00	2.50	-0.40
4.00	2.60	-0.40
4.00	2.70	-0.40
4.00	2.80	-0.40
4.00	2.90	-0.40
4.00	3.00	-0.40
4.00	3.10	-0.40
4.00	3.20	-0.40
4.00	3.30	-0.40
4.00	3.40	-0.40
4.00	3.50	-0.40
4.00	3.60	-0.40
4.00	3.70	-0.40
4.00	3.80	-0.40
4.00	3.90	-0.40
4.00	4.00	-0.40
4.00	4.10	-0.40
4.00	4.20	-0.40
4.00	4.30	-0.40
4.00	4.40	-0.40
4.00	4.50	-0.40
4.00	4.60	-0.40
4.00	4.70	-0.40
4.00	4.80	-0.40
4.00	4.90	-0.40
4.00	5.00	-0.40
4.00	5.10	-0.40
4.00	5.20	-0.40
4.00	5.30	-0.40
4.00	5.40	-0.40
4.00	5.50	-0.40
4.00	5.60	-0.40
4.00	5.70	-0.40
4.00	5.80	-0.40
4.00	5.90	-0.40
4.00	6.00	-0.40
4.00	6.10	-0.40
4.00	6.20	-0.40
4.00	6.30	-0.40
4.00	6.40	-0.40
4.00	6.50	-0.40
4.00	6.60	-0.40
4.00	6.70	-0.40
4.00	6.80	-0.40
4.00	6.90	-0.40
4.00	7.00	-0.40
4.10	0.00	-0.26
4.10	0.10	-0.26
4.10	0.20	-0.26
4.10	0.30	-0.26
4.10	0.40	-0.26
4.10	0.50	-0.26
4.10	0.60	-0.26
4.10	0.70	-0.26
4.10	0.80	-0.26
4.10	0.90	-0.26
4.10	1.00	-0.26
4.10	1.10	-0.26
4.10	1.20	-0.26
4.10	1.30	-0.26
4.10	1.40	-0.26
4.10	1.50	-0.26
4.10	1.60	-0.26
4.10	1.70	-0.26
4.10	1.80	-0.26
4.10	1.90	-0.26
4.10	2.00	-0.26
4.10	2.10	-0.26
4.10	2.20	-0.26
4.10	2.30	-0.26
4.10	2.40	-0.26
4.10	2.50	-0.26
4.10	2.60	-0.26
4.10	2.70	-0.26
4.10	2.80	-0.26
4.10	2.90	-0.26
4.10	3.00	-0.26
4.10	3.10	-0.26
4.10	3.20	-0.26
4.10	3.30	-0.26
4.10	3.40	-0.26
4.10	3.50	-0.26
4.10	3.60	-0.26
4.10	3.70	-0.26
4.10	3.80	-0.26
4.10	3.90	-0.26
4.10	4.00	-0.26
4.10	4.10	-0.26
4.10	4.20	-0.26
4.10	4.30	-0.26
4.10	4.40	-0.26
4.10	4.50	-0.26
4.10	4.60	-0.26
4.10	4.70	-0.26
4.10	4.80	-0.26
4.10	4.90	-0.26
4.10	5.00	-0.26
4.10	5.10	-0.26
4.10	5.20	-0.26
4.10	5.30	-0.26
4.10	5.40	-0.26
4.10	5.50	-0.26
4.10	5.60	-0.26
4.10	5.70	-0.26
4.10	5.80	-0.26
4.10	5.90	-0.26
4.10	6.00	-0.26
4.10	6.10	-0.26
4.10	6.20	-0.26
4.10	6.30	-0.26
4.10	6.40	-0.26
4.10	6.50	-0.26
4.10	6.60	-0.26
4.10	6.70	-0.26
4.10	6.80	-0.26
4.10	6.90	-0.26
4.10	7.00	-0.26
4.20	0.00	-0.12
4.20	0.10	-0.12
4.20	0.20	-0.12
4.20	0.30	-0.12
4.20	0.40	-0.12
4.20	0.50	-0.12
4.20	0.60	-0.12
4.20	0.70	-0.12
4.20	0.80	-0.12
4.20	0.90	-0.12
4.20	1.00	-0.12
4.20	1.10	-0.12
4.20	1.20	-0.12
4.20	1.30	-0.12
4.20	1.40	-0.12
4.20	1.50	-0.12
4.20	1.60	-0.12
4.20	1.70	-0.12
4.20	1.80	-0.12
4.20	1.90	-0.12
4.20	2.00	-0.12
4.20	2.10	-0.12
4.20	2.20	-0.12
4.20	2.30	-0.12
4.20	2.40	-0.12
4.20	2.50	-0.12
4.20	2.60	-0.12
4.20	2.70	-0.12
4.20	2.80	-0.12
4.20	2.90	-0.12
4.20	3.00	-0.12
4.20	3.10	-0.12
4.20	3.20	-0.12
4.20	3.30	-0.12
4.20	3.40	-0.12
4.20	3.50	-0.12
4.20	3.60	-0.12
4.20	3.70	-0.12
4.20	3.80	-0.12
4.20	3.90	-0.12
4.20	4.00	-0.12
4.20	4.10	-0.12
4.20	4.20	-0.12
4.20	4.30	-0.12
4.20	4.40	-0.12
4.20	4.50	-0.12
4.20	4.60	-0.12
4.20	4.70	-0.12
4.20	4.80	-0.12
4.20	4.90	-0.12
4.20	5.00	-0.12
4.20	5.10	-0.12
4.20	5.20	-0.12
4.20	5.30	-0.12
4.20	5.40	-0.12
4.20	5.50	-0.12
4.20	5.60	-0.12
4.20	5.70	-0.12
4.20	5.80	-0.12
4.20	5.90	-0.12
4.20	6.00	-0.12
4.20	6.10	-0.12
4.20	6.20	-0.12
4.20	6.30	-0.12
4.20	6.40	-0.12
4.20	6.50	-0.12
4.20	6.60	-0.12
4.20	6.70	-0.12
4.20	6.80	-0.12
4.20	6.90	-0.12
4.20	7.00	-0.12
4.30	0.00	0.04
4.30	0.10	0.04
4.30	0.20	0.04
4.30	0.30	0.04
4.30	0.40	0.04
4.30	0.50	0.04
4.30	0.60	0.04
4.30	0.70	0.04
4.30	0.80	0.04
4.30	0.90	0.04
4.30	1.00	0.04
4.30	1.10	0.04
4.30	1.20	0.04
4.30	1.30	0.04
4.30	1.40	0.04
4.30	1.50	0.04
4.30	1.60	0.04
4.30	1.70	0.04
4.30	1.80	0.04
4.30	1.90	0.04
4.30	2.00	0.04
4.30	2.10	0.04
4.30	2.20	0.04
4.30	2.30	0.04
4.30	2.40	0.04
4.30	2.50	0.04
4.30	2.60	0.04
4.30	2.70	0.04
4.30	2.80	0.04
4.30	2.90	0.04
4.30	3.00	0.04
4.30	3.10	0.04
4.30	3.20	0.04
4.30	3.30	0.04
4.30	3.40	0.04
4.30	3.50	0.04
4.30	3.60	0.04
4.30	3.70	0.04
4.30	3.80	0.04
4.30	3.90	0.04
4.30	4.00	0.04
4.30	4.10	0.04
4.30	4.20	0.04
4.30	4.30	0.04
4.30	4.40	0.04
4.30	4.50	0.04
4.30	4.60	0.04
4.30	4.70	0.04
4.30	4.80	0.04
4.30	4.90	0.04
4.30	5.00	0.04
4.30	5.10	0.04
4.30	5.20	0.04
4.30	5.30	0.04
4.30	5.40	0.04
4.30	5.50	0.04
4.30	5.60	0.04
4.30	5.70	0.04
4.30	5.80	0.04
4.30	5.90	0.04
4.30	6.00	0.04
4.30	6.10	0.04
4.30	6.20	0.04
4.30	6.30	0.04
4.30	6.40	0.04
4.30	6.50	0.04
4.30	6.60	0.04
4.30	6.70	0.04
4.30	6.80	0.04
4.30	6.90	0.04
4.30	7.00	0.04
4.40	0.00	0.19
4.40	0.10	0.19
4.40	0.20	0.19
4.40	0.30	0.19
4.40	0.40	0.19
4.40	0.50	0.19
4.40	0.60	0.19
4.40	0.70	0.19
4.40	0.80	0.19
4.40	0.90	0.19
4.40	1.00	0.19
4.40	1.10	0.19
4.40	1.20	0.19
4.40	1.30	0.19
4.40	1.40	0.19
4.40	1.50	0.19
4.40	1.60	0.19
4.40	1.70	0.19
4.40	1.80	0.19
4.40	1.90	0.19
4.40	2.00	0.19
4.40	2.10	0.19
4.40	2.20	0.19
4.40	2.30	0.19
4.40	2.40	0.19
4.40	2.50	0.19
4.40	2.60	0.19
4.40	2.70	0.19
4.40	2.80	0.19
4.40	2.90	0.19
4.40	3.00	0.19
4.40	3.10	0.19
4.40	3.20	0.19
4.40	3.30	0.19
4.40	3.40	0.19
4.40	3.50	0.19
4.40	3.60	0.19
4.40	3.70	0.19
4.40	3.80	0.19
4.40	3.90	0.19
4.40	4.00	0.19
4.40	4.10	0.19
4.40	4.20	0.19
4.40	4.30	0.19
4.40	4.40	0.19
4.40	4.50	0.19
4.40	4.60	0.19
4.40	4.70	0.19
4.40	4.80	0.19
4.40	4.90	0.19
4.40	5.00	0.19
4.40	5.10	0.19
4.40	5.20	0.19
4.40	5.30	0.19
4.40	5.40	0.19
4.40	5.50	0.19
4.40	5.60	0.19
4.40	5.70	0.19
4.40	5.80	0.19
4.40	5.90	0.19
4.40	6.00	0.19
4.40	6.10	0.19
4.40	6.20	0.19
4.40	6.30	0.19
4.40	6.40	0.19
4.40	6.50	0.19
4.40	6.60	0.19
4.40	6.70	0.19
4.40	6.80	0.19
4.40	6.90	0.19
4.40	7.00	0.19
4.50	0.00	0.36
4.50	0.10	0.36
4.50	0.20	0.36
4.50	0.30	0.36
4.50	0.40	0.36
4.50	0.50	0.36
4.50	0.60	0.36
4.50	0.70	0.36
4.50	0.80	0.36
4.50	0.90	0.36
4.50	1.00	0.36
4.50	1.10	0.36
4.50	1.20	0.36
4.50	1.30	0.36
4.50	1.40	0.36
4.50	1.50	0.36
4.50	1.60	0.36
4.50	1.70	0.36
4.50	1.80	0.36
4.50	1.90	0.36
4.50	2.00	0.36
4.50	2.10	0.36
4.50	2.20	0.36
4.50	2.30	0.36
4.50	2.40	0.36
4.50	2.50	0.36
4.50	2.60	0.36
4.50	2.70	0.36
4.50	2.80	0.36
4.50	2.90	0.36
4.50	3.00	0.36
4.50	3.10	0.36
4.50	3.20	0.36
4.50	3.30	0.36
4.50	3.40	0.36
4.50	3.50	0.36
4.50	3.60	0.36
4.50	3.70	0.36
4.50	3.80	0.36
4.50	3.90	0.36
4.50	4.00	0.36
4.50	4.10	0.36
4.50	4.20	0.36
4.50	4.30	0.36
4.50	4.40	0.36
4.50	4.50	0.36
4.50	4.60	0.36
4.50	4.70	0.36
4.50	4.80	0.36
4.50	4.90	0.36
4.50	5.00	0.36
4.50	5.10	0.36
4.50	5.20	0.36
4.50	5.30	0.36
4.50	5.40	0.36
4.50	5.50	0.36
4.50	5.60	0.36
4.50	5.70	0.36
4.50	5.80	0.36
4.50	5.90	0.36
4.50	6.00	0.36
4.50	6.10	0.36
4.50	6.20	0.36
4.50	6.30	0.36
4.50	6.40	0.36
4.50	6.50	0.36
4.50	6.60	0.36
4.50	6.70	0.36
4.50	6.80	0.36
4.50	6.90	0.36
4.50	7.00	0.36
4.60	0.00	0.52
4.60	0.10	0.52
4.60	0.20	0.52
4.60	0.30	0.52
4.60	0.40	0.52
4.60	0.50	0.52
4.60	0.60	0.52
4.60	0.70	0.52
4.60	0.80	0.52
4.60	0.90	0.52
4.60	1.00	0.52
4.60	1.10	0.52
4.60	1.20	0.52
4.60	1.30	0.52
4.60	1.40	0.52
4.60	1.50	0.52
4.60	1.60	0.52
4.60	1.70	0.52
4.60	1.80	0.52
4.60	1.90	0.52
4.60	2.00	0.52
4.60	2.10	0.52
4.60	2.20	0.52
4.60	2.30	0.52
4.60	2.40	0.52
4.60	2.50	0.52
4.60	2.60	0.52
4.60	2.70	0.52
4.60	2.80	0.52
4.60	2.90	0.52
4.60	3.00	0.52
4.60	3.10	0.52
4.60	3.20	0.52
4.60	3.30	0.52
4.60	3.40	0.52
4.60	3.50	0.52
4.60	3.60	0.52
4.60	3.70	0.52
4.60	3.80	0.52
4.60	3.90	0.52
4.60	4.00	0.52
4.60	4.10	0.52
4.60	4.20	0.52
4.60	4.30	0.52
4.60	4.40	0.52
4.60	4.50	0.52
4.60	4.60	0.52
4.60	4.70	0.52
4.60	4.80	0.52
4.60	4.90	0.52
4.60	5.00	0.52
4.60	5.10	0.52
4.60	5.20	0.52
4.60	5.30	0.52
4.60	5.40	0.52
4.60	5.50	0.52
4.60	5.60	0.52
4.60	5.70	0.52
4.60	5.80	0.52
4.60	5.90	0.52
4.60	6.00	0.52
4.60	6.10	0.52
4.60	6.20	0.52
4.60	6.30	0.52
4.60	6.40	0.52
4.60	6.50	0.52
4.60	6.60	0.52
4.60	6.70	0.52
4.60	6.80	0.52
4.60	6.90	0.52
4.60	7.00	0.52
4.70	0.00	0.69
4.70	0.10	0.69
4.70	0.20	0.69
4.70	0.30	0.69
4.70	0.40	0.69
4.70	0.50	0.69
4.70	0.60	0.69
4.70	0.70	0.69
4.70	0.80	0.69
4.70	0.90	0.69
4.70	1.00	0.69
4.70	1.10	0.69
4.70	1.20	0.69
4.70	1.30	0.69
4.70	1.40	0.69
4.70	1.50	0.69
4.70	1.60	0.69
4.70	1.70	0.69
4.70	1.80	0.69
4.70	1.90	0.69
4.70	2.00	0.69
4.70	2.10	0.69
4.70	2.20	0.69
4.70	2.30	0.69
4.70	2.40	0.69
4.70	2.50	0.69
4.70	2.60	0.69
4.70	2.70	0.69
4.70	2.80	0.69
4.70	2.90	0.69
4.70	3.00	0.69
4.70	3.10	0.69
4.70	3.20	0.69
4.70	3.30	0.69
4.70	3.40	0.69
4.70	3.50	0.69
4.70	3.60	0.69
4.70	3.70	0.69
4.70	3.80	0.69
4.70	3.90	0.69
4.70	4.00	0.69
4.70	4.10	0.69
4.70	4.20	0.69
4.70	4.30	0.69
4.70	4.40	0.69
4.70	4.50	0.69
4.70	4.60	0.69
4.70	4.70	0.69
4.70	4.80	0.69
4.70	4.90	0.69
4.70	5.00	0.69
4.70	5.10	0.69
4.70	5.20	0.69
4.70	5.30	0.69
4.70	5.40	0.69
4.70	5.50	0.69
4.70	5.60	0.69
4.70	5.70	0.69
4.70	5.80	0.69
4.70	5.90	0.69
4.70	6.00	0.69
4.70	6.10	0.69
4.70	6.20	0.69
4.70	6.30	0.69
4.70	6.40	0.69
4.70	6.50	0.69
4.70	6.60	0.69
4.70	6.70	0.69
4.70	6.80	0.69
4.70	6.90	0.69
4.70	7.00	0.69
4.80	0.00	0.85
4.80	0.10	0.85
4.80	0.20	0.85
4.80	0.30	0.85
4.80	0.40	0.85
4.80	0.50	0.85
4.80	0.60	0.85
4.80	0.70	0.85
4.80	0.80	0.85
4.80	0.90	0.85
4.80	1.00	0.85
4.80	1.10	0.85
4.80	1.20	0.85
4.80	1.30	0.85
4.80	1.40	0.85
4.80	1.50	0.85
4.80	1.60	0.85
4.80	1.70	0.85
4.80	1.80	0.85
4.80	1.90	0.85
4.80	2.00	0.85
4.80	2.10	0.85
4.80	2.20	0.85
4.80	2.30	0.85
4.80	2.40	0.85
4.80	2.50	0.85
4.80	2.60	0.85
4.80	2.70	0.85
4.80	2.80	0.85
4.80	2.90	0.85
4.80	3.00	0.85
4.80	3.10	0.85
4.80	3.20	0.85
4.80	3.30	0.85
4.80	3.40	0.85
4.80	3.50	0.85
4.80	3.60	0.85
4.80	3.70	0.85
4.80	3.80	0.85
4.80	3.90	0.85
4.80	4.00	0.85
4.80	4.10	0.85
4.80	4.20	0.85
4.80	4.30	0.85
4.80	4.40	0.85
4.80	4.50	0.85
4.80	4.60	0.85
4.80	4.70	0.85
4.80	4.80	0.85
4.80	4.90	0.85
4.80	5.00	0.85
4.80	5.10	0.85
4.80	5.20	0.85
4.80	5.30	0.85
4.80	5.40	0.85
4.80	5.50	0.85
4.80	5.60	0.85
4.80	5.70	0.85
4.80	5.80	0.85
4.80	5.90	0.85
4.80	6.00	0.85
4.80	6.10	0.85
4.80	6.20	0.85
4.80	6.30	0.85
4.80	6.40	0.85
4.80	6.50	0.85
4.80	6.60	0.85
4.80	6.70	0.85
4.80	6.80	0.85
4.80	6.90	0.85
4.80	7.00	0.85
4.90	0.00	1.01
4.90	0.10	1.01
4.90	0.20	1.01
4.90	0.30	1.01
4.90	0.40	1.01
4.90	0.50	1.01
4.90	0.60	1.01
4.90	0.70	1.01
4.90	0.80	1.01
4.90	0.90	1.01
4.90	1.00	1.01
4.90	1.10	1.01
4.90	1.20	1.01
4.90	1.30	1.01
4.90	1.40	1.01
4.90	1.50	1.01
4.90	1.60	1.01
4.90	1.70	1.01
4.90	1.80	1.01
4.90	1.90	1.01
4.90	2.00	1.01
4.90	2.10	1.01
4.90	2.20	1.01
4.90	2.30	1.01
4.90	2.40	1.01
4.90	2.50	1.01
4.90	2.60	1.01
4.90	2.70	1.01
4.90	2.80	1.01
4.90	2.90	1.01
4.90	3.00	1.01
4.90	3.10	1.01
4.90	3.20	1.01
4.90	3.30	1.01
4.90	3.40	1.01
4.90	3.50	1.01
4.90	3.60	1.01
4.90	3.70	1.01
4.90	3.80	1.01
4.90	3.90	1.01
4.90	4.00	1.01
4.90	4.10	1.01
4.90	4.20	1.01
4.90	4.30	1.01
4.90	4.40	1.01
4.90	4.50	1.01
4.90	4.60	1.01
4.90	4.70	1.01
4.90	4.80	1.01
4.90	4.90	1.01
4.90	5.00	1.01
4.90	5.10	1.01
4.90	5.20	1.01
4.90	5.30	1.01
4.90	5.40	1.01
4.90	5.50	1.01
4.90	5.60	1.01
4.90	5.70	1.01
4.90	5.80	1.01
4.90	5.90	1.01
4.90	6.00	1.01
4.90	6.10	1.01
4.90	6.20	1.01
4.90	6.30	1.01
4.90	6.40	1.01
4.90	6.50	1.01
4.90	6.60	1.01
4.90	6.70	1.01
4.90	6.80	1.01
4.90	6.90	1.01
4.90	7.00	1.01
5.00	0.00	1.17
5.00	0.10	1.17
5.00	0.20	1.17
5.00	0.30	1.17
5.00	0.40	1.17
5.00	0.50	1.17
5.00	0.60	1.17
5.00	0.70	1.17
5.00	0.80	1.17
5.00	0.90	1.17
5.00	1.00	1.17
5.00	1.10	1.17
5.00	1.20	1.17
5.00	1.30	1.17
5.00	1.40	1.17
5.00	1.50	1.17
5.00	1.60	1.17
5.00	1.70	1.17
5.00	1.80	1.17
5.00	1.90	1.17
5.00	2.00	1.17
5.00	2.10	1.17
5.00	2.20	1.17
5.00	2.30	1.17
5.00	2.40	1.17
5.00	2.50	1.17
5.00	2.60	1.17
5.00	2.70	1.17
5.00	2.80	1.17
5.00	2.90	1.17
5.00	3.00	1.17
5.00	3.10	1.17
5.00	3.20	1.17
5.00	3.30	1.17
5.00	3.40	1.17
5.00	3.50	1.17
5.00	3.60	1.17
5.00	3.70	1.17
5.00	3.80	1.17
5.00	3.90	1.17
5.00	4.00	1.17
5.00	4.10	1.17
5.00	4.20	1.17
5.00	4.30	1.17
5.00	4.40	1.17
5.00	4.50	1.17
5.00	4.60	1.17
5.00	4.70	1.17
5.00	4.80	1.17
5.00	4.90	1.17
5.00	5.00	1.17
5.00	5.10	1.17
5.00	5.20	1.17
5.00	5.30	1.17
5.00	5.40	1.17
5.00	5.50	1.17
5.00	5.60	1.17
5.00	5.70	1.17
5.00	5.80	1.17
5.00	5.90	1.17
5.00	6.00	1.17
5.00	6.10	1.17
5.00	6.20	1.17
5.00	6.30	1.17
5.00	6.40	1.17
5.00	6.50	1.17
5.00	6.60	1.17
5.00	6.70	1.17
5.00	6.80	1.17
5.00	6.90	1.17
5.00	7.00	1.17
5.10	0.00	1.31
5.10	0.10	1.31
5.10	0.20	1.31
5.10	0.30	1.31
5.10	0.40	1.31
5.10	0.50	1.31
5.10	0.60	1.31
5.10	0.70	1.31
5.10	0.80	1.31
5.10	0.90	1.31
5.10	1.00	1.31
5.10	1.10	1.31
5.10	1.20	1.31
5.10	1.30	1.31
5.10	1.40	1.31
5.10	1.50	1.31
5.10	1.60	1.31
5.10	1.70	1.31
5.10	1.80	1.31
5.10	1.90	1.31
5.10	2.00	1.31
5.10	2.10	1.31
5.10	2.20	1.31
5.10	2.30	1.31
5.10	2.40	1.31
5.10	2.50	1.31
5.10	2.60	1.31
5.10	2.70	1.31
5.10	2.80	1.31
5.10	2.90	1.31
5.10	3.00	1.31
5.10	3.10	1.31
5.10	3.20	1.31
5.10	3.30	1.31
5.10	3.40	1.31
5.10	3.50	1.31
5.10	3.60	1.31
5.10	3.70	1.31
5.10	3.80	1.31
5.10	3.90	1.31
5.10	4.00	1.31
5.10	4.10	1.31
5.10	4.20	1.31
5.10	4.30	1.31
5.10	4.40	1.31
5.10	4.50	1.31
5.10	4.60	1.31
5.10	4.70	1.31
5.10	4.80	1.31
5.10	4.90	1.31
5.10	5.00	1.31
5.10	5.10	1.31
5.10	5.20	1.31
5.10	5.30	1.31
5.10	5.40	1.31
5.10	5.50	1.31
5.10	5.60	1.31
5.10	5.70	1.31
5.10	5.80	1.31
5.10	5.90	1.31
5.10	6.00	1.31
5.10	6.10	1.31
5.10	6.20	1.31
5.10	6.30	1.31
5.10	6.40	1.31
5.10	6.50	1.31
5.10	6.60	1.31
5.10	6.70	1.31
5.10	6.80	1.31
5.10	6.90	1.31
5.10	7.00	1.31
5.20	0.00	1.45
5.20	0.10	1.45
5.20	0.20	1.45
5.20	0.30	1.45
5.20	0.40	1.45
5.20	0.50	1.45
5.20	0.60	1.45
5.20	0.70	1.45
5.20	0.80	1.45
5.20	0.90	1.45
5.20	1.00	1.45
5.20	1.10	1.45
5.20	1.20	1.45
5.20	1.30	1.45
5.20	1.40	1.45
5.20	1.50	1.45
5.20	1.60	1.45
5.20	1.70	1.45
5.20	1.80	1.45
5.20	1.90	1.45
5.20	2.00	1.45
5.20	2.10	1.45
5.20	2.20	1.45
5.20	2.30	1.45
5.20	2.40	1.45
5.20	2.50	1.45
5.20	2.60	1.45
5.20	2.70	1.45
5.20	2.80	1.45
5.20	2.90	1.45
5.20	3.00	1.45
5.20	3.10	1.45
5.20	3.20	1.45
5.20	3.30	1.45
5.20	3.40	1.45
5.20	3.50	1.45
5.20	3.60	1.45
5.20	3.70	1.45
5.20	3.80	1.45
5.20	3.90	1.45
5.20	4.00	1.45
5.20	4.10	1.45
5.20	4.20	1.45
5.20	4.30	1.45
5.20	4.40	1.45
5.20	4.50	1.45
5.20	4.60	1.45
5.20	4.70	1.45
5.20	4.80	1.45
5.20	4.90	1.45
5.20	5.00	1.45
5.20	5.10	1.45
5.20	5.20	1.45
5.20	5.30	1.45
5.20	5.40	1.45
5.20	5.50	1.45
5.20	5.60	1.45
5.20	5.70	1.45
5.20	5.80	1.45
5.20	5.90	1.45
5.20	6.00	1.45
5.20	6.10	1.45
5.20	6.20	1.45
5.20	6.30	1.45
5.20	6.40	1.45
5.20	6.50	1.45
5.20	6.60	1.45
5.20	6.70	1.45
5.20	6.80	1.45
5.20	6.90	1.45
5.20	7.00	1.45
5.30	0.00	1.58
5.30	0.10	1.58
5.30	0.20	1.58
5.30	0.30	1.58
5.30	0.40	1.58
5.30	0.50	1.58
5.30	0.60	1.58
5.30	0.70	1.58
5.30	0.80	1.58
5.30	0.90	1.58
5.30	1.00	1.58
5.30	1.10	1.58
5.30	1.20	1.58
5.30	1.30	1.58
5.30	1.40	1.58
5.30	1.50	1.58
5.30	1.60	1.58
5.30	1.70	1.58
5.30	1.80	1.58
5.30	1.90	1.58
5.30	2.00	1.58
5.30	2.10	1.58
5.30	2.20	1.58
5.30	2.30	1.58
5.30	2.40	1.58
5.30	2.50	1.58
5.30	2.60	1.58
5.30	2.70	1.58
5.30	2.80	1.58
5.30	2.90	1.58
5.30	3.00	1.58
5.30	3.10	1.58
5.30	3.20	1.58
5.30	3.30	1.58
5.30	3.40	1.58
5.30	3.50	1.58
5.30	3.60	1.58
5.30	3.70	1.58
5.30	3.80	1.58
5.30	3.90	1.58
5.30	4.00	1.58
5.30	4.10	1.58
5.30	4.20	1.58
5.30	4.30	1.58
5.30	4.40	1.58
5.30	4.50	1.58
5.30	4.60	1.58
5.30	4.70	1.58
5.30	4.80	1.58
5.30	4.90	1.58
5.30	5.00	1.58
5.30	5.10	1.58
5.30	5.20	1.58
5.30	5.30	1.58
5.30	5.40	1.58
5.30	5.50	1.58
5.30	5.60	1.58
5.30	5.70	1.58
5.30	5.80	1.58
5.30	5.90	1.58
5.30	6.00	1.58
5.30	6.10	1.58
5.30	6.20	1.58
5.30	6.30	1.58
5.30	6.40	1.58
5.30	6.50	1.58
5.30	6.60	1.58
5.30	6.70	1.58
5.30	6.80	1.58
5.30	6.90	1.58
5.30	7.00	1.58
5.40	0.00	1.70
5.40	0.10	1.70
5.40	0.20	1.70
5.40	0.30	1.70
5.40	0.40	1.70
5.40	0.50	1.70
5.40	0.60	1.70
5.40	0.70	1.70
5.40	0.80	1.70
5.40	0.90	1.70
5.40	1.00	1.70
5.40	1.10	1.70
5.40	1.20	1.70
5.40	1.30	1.70
5.40	1.40	1.70
5.40	1.50	1.70
5.40	1.60	1.70
5.40	1.70	1.70
5.40	1.80	1.70
5.40	1.90	1.70
5.40	2.00	1.70
5.40	2.10	1.70
5.40	2.20	1.70
5.40	2.30	1.70
5.40	2.40	1.70
5.40	2.50	1.70
5.40	2.60	1.70
5.40	2.70	1.70
5.40	2.80	1.70
5.40	2.90	1.70
5.40	3.00	1.70
5.40	3.10	1.70
5.40	3.20	1.70
5.40	3.30	1.70
5.40	3.40	1.70
5.40	3.50	1.70
5.40	3.60	1.70
5.40	3.70	1.70
5.40	3.80	1.70
5.40	3.90	1.70
5.40	4.00	1.70
5.40	4.10	1.70
5.40	4.20	1.70
5.40	4.30	1.70
5.40	4.40	1.70
5.40	4.50	1.70
5.40	4.60	1.70
5.40	4.70	1.70
5.40	4.80	1.70
5.40	4.90	1.70
5.40	5.00	1.70
5.40	5.10	1.70
5.40	5.20	1.70
5.40	5.30	1.70
5.40	5.40	1.70
5.40	5.50	1.70
5.40	5.60	1.70
5.40	5.70	1.70
5.40	5.80	1.70
5.40	5.90	1.70
5.40	6.00	1.70
5.40	6.10	1.70
5.40	6.20	1.70
5.40	6.30	1.70
5.40	6.40	1.70
5.40	6.50	1.70
5.40	6.60	1.70
5.40	6.70	1.70
5.40	6.80	1.70
5.40	6.90	1.70
5.40	7.00	1.70
5.50	0.00	1.80
5.50	0.10	1.80
5.50	0.20	1.80
5.50	0.30	1.80
5.50	0.40	1.80
5.50	0.50	1.80
5.50	0.60	1.80
5.50	0.70	1.80
5.50	0.80	1.80
5.50	0.90	1.80
5.50	1.00	1.80
5.50	1.10	1.80
5.50	1.20	1.80
5.50	1.30	1.80
5.50	1.40	1.80
5.50	1.50	1.80
5.50	1.60	1.80
5.50	1.70	1.80
5.50	1.80	1.80
5.50	1.90	1.80
5.50	2.00	1.80
5.50	2.10	1.80
5.50	2.20	1.80
5.50	2.30	1.80
5.50	2.40	1.80
5.50	2.50	1.80
5.50	2.60	1.80
5.50	2.70	1.80
5.50	2.80	1.80
5.50	2.90	1.80
5.50	3.00	1.80
5.50	3.10	1.80
5.50	3.20	1.80
5.50	3.30	1.80
5.50	3.40	1.80
5.50	3.50	1.80
5.50	3.60	1.80
5.50	3.70	1.80
5.50	3.80	1.80
5.50	3.90	1.80
5.50	4.00	1.80
5.50	4.10	1.80
5.50	4.20	1.80
5.50	4.30	1.80
5.50	4.40	1.80
5.50	4.50	1.80
5.50	4.60	1.80
5.50	4.70	1.80
5.50	4.80	1.80
5.50	4.90	1.80
5.50	5.00	1.80
5.50	5.10	1.80
5.50	5.20	1.80
5.50	5.30	1.80
5.50	5.40	1.80
5.50	5.50	1.80
5.50	5.60	1.80
5.50	5.70	1.80
5.50	5.80	1.80
5.50	5.90	1.80
5.50	6.00	1.80
5.50	6.10	1.80
5.50	6.20	1.80
5.50	6.30	1.80
5.50	6.40	1.80
5.50	6.50	1.80
5.50	6.60	1.80
5.50	6.70	1.80
5.50	6.80	1.80
5.50	6.90	1.80
5.50	7.00	1.80
5.60	0.00	1.89
5.60	0.10	1.89
5.60	0.20	1.89
5.60	0.30	1.89
5.60	0.40	1.89
5.60	0.50	1.89
5.60	0.60	1.89
5.60	0.70	1.89
5.60	0.80	1.89
5.60	0.90	1.89
5.60	1.00	1.89
5.60	1.10	1.89
5.60	1.20	1.89
5.60	1.30	1.89
5.60	1.40	1.89
5.60	1.50	1.89
5.60	1.60	1.89
5.60	1.70	1.89
5.60	1.80	1.89
5.60	1.90	1.89
5.60	2.00	1.89
5.60	2.10	1.89
5.60	2.20	1.89
5.60	2.30	1.89
5.60	2.40	1.89
5.60	2.50	1.89
5.60	2.60	1.89
5.60	2.70	1.89
5.60	2.80	1.89
5.60	2.90	1.89
5.60	3.00	1.89
5.60	3.10	1.89
5.60	3.20	1.89
5.60	3.30	1.89
5.60	3.40	1.89
5.60	3.50	1.89
5.60	3.60	1.89
5.60	3.70	1.89
5.60	3.80	1.89
5.60	3.90	1.89
5.60	4.00	1.89
5.60	4.10	1.89
5.60	4.20	1.89
5.60	4.30	1.89
5.60	4.40	1.89
5.60	4.50	1.89
5.60	4.60	1.89
5.60	4.70	1.89
5.60	4.80	1.89
5.60	4.90	1.89
5.60	5.00	1.89
5.60	5.10	1.89
5.60	5.20	1.89
5.60	5.30	1.89
5.60	5.40	1.89
5.60	5.50	1.89
5.60	5.60	1.89
5.60	5.70	1.89
5.60	5.80	1.89
5.60	5.90	1.89
5.60	6.00	1.89
5.60	6.10	1.89
5.60	6.20	1.89
5.60	6.30	1.89
5.60	6.40	1.89
5.60	6.50	1.89
5.60	6.60	1.89
5.60	6.70	1.89
5.60	6.80	1.89
5.60	6.90	1.89
5.60	7.00	1.89
5.70	0.00	1.96
5.70	0.10	1.96
5.70	0.20	1.96
5.70	0.30	1.96
5.70	0.40	1.96
5.70	0.50	1.96
5.70	0.60	1.96
5.70	0.70	1.96
5.70	0.80	1.96
5.70	0.90	1.96
5.70	1.00	1.96
5.70	1.10	1.96
5.70	1.20	1.96
5.70	1.30	1.96
5.70	1.40	1.96
5.70	1.50	1.96
5.70	1.60	1.96
5.70	1.70	1.96
5.70	1.80	1.96
5.70	1.90	1.96
5.70	2.00	1.96
5.70	2.10	1.96
5.70	2.20	1.96
5.70	2.30	1.96
5.70	2.40	1.96
5.70	2.50	1.96
5.70	2.60	1.96
5.70	2.70	1.96
5.70	2.80	1.96
5.70	2.90	1.96
5.70	3.00	1.96
5.70	3.10	1.96
5.70	3.20	1.96
5.70	3.30	1.96
5.70	3.40	1.96
5.70	3.50	1.96
5.70	3.60	1.96
5.70	3.70	1.96
5.70	3.80	1.96
5.70	3.90	1.96
5.70	4.00	1.96
5.70	4.10	1.96
5.70	4.20	1.96
5.70	4.30	1.96
5.70	4.40	1.96
5.70	4.50	1.96
5.70	4.60	1.96
5.70	4.70	1.96
5.70	4.80	1.96
5.70	4.90	1.96
5.70	5.00	1.96
5.70	5.10	1.96
5.70	5.20	1.96
5.70	5.30	1.96
5.70	5.40	1.96
5.70	5.50	1.96
5.70	5.60	1.96
5.70	5.70	1.96
5.70	5.80	1.96
5.70	5.90	1.96
5.70	6.00	1.96
5.70	6.10	1.96
5.70	6.20	1.96
5.70	6.30	1.96
5.70	6.40	1.96
5.70	6.50	1.96
5.70	6.60	1.96
5.70	6.70	1.96
5.70	6.80	1.96
5.70	6.90	1.96
5.70	7.00	1.96
5.80	0.00	2.01
5.80	0.10	2.01
5.80	0.20	2.01
5.80	0.30	2.01
5.80	0.40	2.01
5.80	0.50	2.01
5.80	0.60	2.01
5.80	0.70	2.01
5.80	0.80	2.01
5.80	0.90	2.01
5.80	1.00	2.01
5.80	1.10	2.01
5.80	1.20	2.01
5.80	1.30	2.01
5.80	1.40	2.01
5.80	1.50	2.01
5.80	1.60	2.01
5.80	1.70	2.01
5.80	1.80	2.01
5.80	1.90	2.01
5.80	2.00	2.01
5.80	2.10	2.01
5.80	2.20	2.01
5.80	2.30	2.01
5.80	2.40	2.01
5.80	2.50	2.01
5.80	2.60	2.01
5.80	2.70	2.01
5.80	2.80	2.01
5.80	2.90	2.01
5.80	3.00	2.01
5.80	3.10	2.01
5.80	3.20	2.01
5.80	3.30	2.01
5.80	3.40	2.01
5.80	3.50	2.01
5.80	3.60	2.01
5.80	3.70	2.01
5.80	3.80	2.01
5.80	3.90	2.01
5.80	4.00	2.01
5.80	4.10	2.01
5.80	4.20	2.01
5.80	4.30	2.01
5.80	4.40	2.01
5.80	4.50	2.01
5.80	4.60	2.01
5.80	4.70	2.01
5.80	4.80	2.01
5.80	4.90	2.01
5.80	5.00	2.01
5.80	5.10	2.01
5.80	5.20	2.01
5.80	5.30	2.01
5.80	5.40	2.01
5.80	5.50	2.01
5.80	5.60	2.01
5.80	5.70	2.01
5.80	5.80	2.01
5.80	5.90	2.01
5.80	6.00	2.01
5.80	6.10	2.01
5.80	6.20	2.01
5.80	6.30	2.01
5.80	6.40	2.01
5.80	6.50	2.01
5.80	6.60	2.01
5.80	6.70	2.01
5.80	6.80	2.01
5.80	6.90	2.01
5.80	7.00	2.01
5.90	0.00	2.05
5.90	0.10	2.05
5.90	0.20	2.05
5.90	0.30	2.05
5.90	0.40	2.05
5.90	0.50	2.05
5.90	0.60	2.05
5.90	0.70	2.05
5.90	0.80	2.05
5.90	0.90	2.05
5.90	1.00	2.05
5.90	1.10	2.05
5.90	1.20	2.05
5.90	1.30	2.05
5.90	1.40	2.05
5.90	1.50	2.05
5.90	1.60	2.05
5.90	1.70	2.05
5.90	1.80	2.05
5.90	1.90	2.05
5.90	2.00	2.05
5.90	2.10	2.05
5.90	2.20	2.05
5.90	2.30	2.05
5.90	2.40	2.05
5.90	2.50	2.05
5.90	2.60	2.05
5.90	2.70	2.05
5.90	2.80	2.05
5.90	2.90	2.05
5.90	3.00	2.05
5.90	3.10	2.05
5.90	3.20	2.05
5.90	3.30	2.05
5.90	3.40	2.05
5.90	3.50	2.05
5.90	3.60	2.05
5.90	3.70	2.05
5.90	3.80	2.05
5.90	3.90	2.05
5.90	4.00	2.05
5.90	4.10	2.05
5.90	4.20	2.05
5.90	4.30	2.05
5.90	4.40	2.05
5.90	4.50	2.05
5.90	4.60	2.05
5.90	4.70	2.05
5.90	4.80	2.05
5.90	4.90	2.05
5.90	5.00	2.05
5.90	5.10	2.05
5.90	5.20	2.05
5.90	5.30	2.05
5.90	5.40	2.05
5.90	5.50	2.05
5.90	5.60	2.05
5.90	5.70	2.05
5.90	5.80	2.05
5.90	5.90	2.05
5.90	6.00	2.05
5.90	6.10	2.05
5.90	6.20	2.05
5.90	6.30	2.05
5.90	6.40	2.05
5.90	6.50	2.05
5.90	6.60	2.05
5.90	6.70	2.05
5.90	6.80	2.05
5.90	6.90	2.05
5.90	7.00	2.05
6.00	0.00	2.06
6.00	0.10	2.06
6.00	0.20	2.06
6.00	0.30	2.06
6.00	0.40	2.06
6.00	0.50	2.06
6.00	0.60	2.06
6.00	0.70	2.06
6.00	0.80	2.06
6.00	0.90	2.06
6.00	1.00	2.06
6.00	1.10	2.06
6.00	1.20	2.06
6.00	1.30	2.06
6.00	1.40	2.06
6.00	1.50	2.06
6.00	1.60	2.06
6.00	1.70	2.06
6.00	1.80	2.06
6.00	1.90	2.06
6.00	2.00	2.06
6.00	2.10	2.06
6.00	2.20	2.06
6.00	2.30	2.06
6.00	2.40	2.06
6.00	2.50	2.06
6.00	2.60	2.06
6.00	2.70	2.06
6.00	2.80	2.06
6.00	2.90	2.06
6.00	3.00	2.06
6.00	3.10	2.06
6.00	3.20	2.06
6.00	3.30	2.06
6.00	3.40	2.06
6.00	3.50	2.06
6.00	3.60	2.06
6.00	3.70	2.06
6.00	3.80	2.06
6.00	3.90	2.06
6.00	4.00	2.06
6.00	4.10	2.06
6.00	4.20	2.06
6.00	4.30	2.06
6.00	4.40	2.06
6.00	4.50	2.06
6.00	4.60	2.06
6.00	4.70	2.06
6.00	4.80	2.06
6.00	4.90	2.06
6.00	5.00	2.06
6.00	5.10	2.06
6.00	5.20	2.06
6.00	5.30	2.06
6.00	5.40	2.06
6.00	5.50	2.06
6.00	5.60	2.06
6.00	5.70	2.06
6.00	5.80	2.06
6.00	5.90	2.06
6.00	6.00	2.06
6.00	6.10	2.06
6.00	6.20	2.06
6.00	6.30	2.06
6.00	6.40	2.06
6.00	6.50	2.06
6.00	6.60	2.06
6.00	6.70	2.06
6.00	6.80	2.06
6.00	6.90	2.06
6.00	7.00	2.06
6.10	0.00	2.06
6.10	0.10	2.06
6.10	0.20	2.06
6.10	0.30	2.06
6.10	0.40	2.06
6.10	0.50	2.06
6.10	0.60	2.06
6.10	0.70	2.06
6.10	0.80	2.06
6.10	0.90	2.06
6.10	1.00	2.06
6.10	1.10	2.06
6.10	1.20	2.06
6.10	1.30	2.06
6.10	1.40	2.06
6.10	1.50	2.06
6.10	1.60	2.06
6.10	1.70	2.06
6.10	1.80	2.06
6.10	1.90	2.06
6.10	2.00	2.06
6.10	2.10	2.06
6.10	2.20	2.06
6.10	2.30	2.06
6.10	2.40	2.06
6.10	2.50	2.06
6.10	2.60	2.06
6.10	2.70	2.06
6.10	2.80	2.06
6.10	2.90	2.06
6.10	3.00	2.06
6.10	3.10	2.06
6.10	3.20	2.06
6.10	3.30	2.06
6.10	3.40	2.06
6.10	3.50	2.06
6.10	3.60	2.06
6.10	3.70	2.06
6.10	3.80	2.06
6.10	3.90	2.06
6.10	4.00	2.06
6.10	4.10	2.06
6.10	4.20	2.06
6.10	4.30	2.06
6.10	4.40	2.06
6.10	4.50	2.06
6.10	4.60	2.06
6.10	4.70	2.06
6.10	4.80	2.06
6.10	4.90	2.06
6.10	5.00	2.06
6.10	5.10	2.06
6.10	5.20	2.06
6.10	5.30	2.06
6.10	5.40	2.06
6.10	5.50	2.06
6.10	5.60	2.06
6.10	5.70	2.06
6.10	5.80	2.06
6.10	5.90	2.06
6.10	6.00	2.06
6.10	6.10	2.06
6.10	6.20	2.06
6.10	6.30	2.06
6.10	6.40	2.06
6.10	6.50	2.06
6.10	6.60	2.06
6.10	6.70	2.06
6.10	6.80	2.06
6.10	6.90	2.06
6.10	7.00	2.06
6.20	0.00	2.03
6.20	0.10	2.03
6.20	0.20	2.03
6.20	0.30	2.03
6.20	0.40	2.03
6.20	0.50	2.03
6.20	0.60	2.03
6.20	0.70	2.03
6.20	0.80	2.03
6.20	0.90	2.03
6.20	1.00	2.03
6.20	1.10	2.03
6.20	1.20	2.03
6.20	1.30	2.03
6.20	1.40	2.03
6.20	1.50	2.03
6.20	1.60	2.03
6.20	1.70	2.03
6.20	1.80	2.03
6.20	1.90	2.03
6.20	2.00	2.03
6.20	2.10	2.03
6.20	2.20	2.03
6.20	2.30	2.03
6.20	2.40	2.03
6.20	2.50	2.03
6.20	2.60	2.03
6.20	2.70	2.03
6.20	2.80	2.03
6.20	2.90	2.03
6.20	3.00	2.03
6.20	3.10	2.03
6.20	3.20	2.03
6.20	3.30	2.03
6.20	3.40	2.03
6.20	3.50	2.03
6.20	3.60	2.03
6.20	3.70	2.03
6.20	3.80	2.03
6.20	3.90	2.03
6.20	4.00	2.03
6.20	4.10	2.03
6.20	4.20	2.03
6.20	4.30	2.03
6.20	4.40	2.03
6.20	4.50	2.03
6.20	4.60	2.03
6.20	4.70	2.03
6.20	4.80	2.03
6.20	4.90	2.03
6.20	5.00	2.03
6.20	5.10	2.03
6.20	5.20	2.03
6.20	5.30	2.03
6.20	5.40	2.03
6.20	5.50	2.03
6.20	5.60	2.03
6.20	5.70	2.03
6.20	5.80	2.03
6.20	5.90	2.03
6.20	6.00	2.03
6.20	6.10	2.03
6.20	6.20	2.03
6.20	6.30	2.03
6.20	6.40	2.03
6.20	6.50	2.03
6.20	6.60	2.03
6.20	6.70	2.03
6.20	6.80	2.03
6.20	6.90	2.03
6.20	7.00	2.03
6.30	0.00	1.99
6.30	0.10	1.99
6.30	0.20	1.99
6.30	0.30	1.99
6.30	0.40	1.99
6.30	0.50	1.99
6.30	0.60	1.99
6.30	0.70	1.99
6.30	0.80	1.99
6.30	0.90	1.99
6.30	1.00	1.99
6.30	1.10	1.99
6.30	1.20	1.99
6.30	1.30	1.99
6.30	1.40	1.99
6.30	1.50	1.99
6.30	1.60	1.99
6.30	1.70	1.99
6.30	1.80	1.99
6.30	1.90	1.99
6.30	2.00	1.99
6.30	2.10	1.99
6.30	2.20	1.99
6.30	2.30	1.99
6.30	2.40	1.99
6.30	2.50	1.99
6.30	2.60	1.99
6.30	2.70	1.99
6.30	2.80	1.99
6.30	2.90	1.99
6.30	3.00	1.99
6.30	3.10	1.99
6.30	3.20	1.99
6.30	3.30	1.99
6.30	3.40	1.99
6.30	3.50	1.99
6.30	3.60	1.99
6.30	3.70	1.99
6.30	3.80	1.99
6.30	3.90	1.99
6.30	4.00	1.99
6.30	4.10	1.99
6.30	4.20	1.99
6.30	4.30	1.99
6.30	4.40	1.99
6.30	4.50	1.99
6.30	4.60	1.99
6.30	4.70	1.99
6.30	4.80	1.99
6.30	4.90	1.99
6.30	5.00	1.99
6.30	5.10	1.99
6.30	5.20	1.99
6.30	5.30	1.99
6.30	5.40	1.99
6.30	5.50	1.99
6.30	5.60	1.99
6.30	5.70	1.99
6.30	5.80	1.99
6.30	5.90	1.99
6.30	6.00	1.99
6.30	6.10	1.99
6.30	6.20	1.99
6.30	6.30	1.99
6.30	6.40	1.99
6.30	6.50	1.99
6.30	6.60	1.99
6.30	6.70	1.99
6.30	6.80	1.99
6.30	6.90	1.99
6.30	7.00	1.99
6.40	0.00	1.93
6.40	0.10	1.93
6.40	0.20	1.93
6.40	0.30	1.93
6.40	0.40	1.93
6.40	0.50	1.93
6.40	0.60	1.93
6.40	0.70	1.93
6.40	0.80	1.93
6.40	0.90	1.93
6.40	1.00	1.93
6.40	1.10	1.93
6.40	1.20	1.93
6.40	1.30	1.93
6.40	1.40	1.93
6.40	1.50	1.93
6.40	1.60	1.93
6.40	1.70	1.93
6.40	1.80	1.93
6.40	1.90	1.93
6.40	2.00	1.93
6.40	2.10	1.93
6.40	2.20	1.93
6.40	2.30	1.93
6.40	2.40	1.93
6.40	2.50	1.93
6.40	2.60	1.93
6.40	2.70	1.93
6.40	2.80	1.93
6.40	2.90	1.93
6.40	3.00	1.93
6.40	3.10	1.93
6.40	3.20	1.93
6.40	3.30	1.93
6.40	3.40	1.93
6.40	3.50	1.93
6.40	3.60	1.93
6.40	3.70	1.93
6.40	3.80	1.93
6.40	3.90	1.93
6.40	4.00	1.93
6.40	4.10	1.93
6.40	4.20	1.93
6.40	4.30	1.93
6.40	4.40	1.93
6.40	4.50	1.93
6.40	4.60	1.93
6.40	4.70	1.93
6.40	4.80	1.93
6.40	4.90	1.93
6.40	5.00	1.93
6.40	5.10	1.93
6.40	5.20	1.93
6.40	5.30	1.93
6.40	5.40	1.93
6.40	5.50	1.93
6.40	5.60	1.93
6.40	5.70	1.93
6.40	5.80	1.93
6.40	5.90	1.93
6.40	6.00	1.93
6.40	6.10	1.93
6.40	6.20	1.93
6.40	6.30	1.93
6.40	6.40	1.93
6.40	6.50	1.93
6.40	6.60	1.93
6.40	6.70	1.93
6.40	6.80	1.93
6.40	6.90	1.93
6.40	7.00	1.93
6.50	0.00	1.84
6.50	0.10	1.84
6.50	0.20	1.84
6.50	0.30	1.84
6.50	0.40	1.84
6.50	0.50	1.84
6.50	0.60	1.84
6.50	0.70	1.84
6.50	0.80	1.84
6.50	0.90	1.84
6.50	1.00	1.84
6.50	1.10	1.84
6.50	1.20	1.84
6.50	1.30	1.84
6.50	1.40	1.84
6.50	1.50	1.84
6.50	1.60	1.84
6.50	1.70	1.84
6.50	1.80	1.84
6.50	1.90	1.84
6.50	2.00	1.84
6.50	2.10	1.84
6.50	2.20	1.84
6.50	2.30	1.84
6.50	2.40	1.84
6.50	2.50	1.84
6.50	2.60	1.84
6.50	2.70	1.84
6.50	2.80	1.84
6.50	2.90	1.84
6.50	3.00	1.84
6.50	3.10	1.84
6.50	3.20	1.84
6.50	3.30	1.84
6.50	3.40	1.84
6.50	3.50	1.84
6.50	3.60	1.84
6.50	3.70	1.84
6.50	3.80	1.84
6.50	3.90	1.84
6.50	4.00	1.84
6.50	4.10	1.84
6.50	4.20	1.84
6.50	4.30	1.84
6.50	4.40	1.84
6.50	4.50	1.84
6.50	4.60	1.84
6.50	4.70	1.84
6.50	4.80	1.84
6.50	4.90	1.84
6.50	5.00	1.84
6.50	5.10	1.84
6.50	5.20	1.84
6.50	5.30	1.84
6.50	5.40	1.84
6.50	5.50	1.84
6.50	5.60	1.84
6.50	5.70	1.84
6.50	5.80	1.84
6.50	5.90	1.84
6.50	6.00	1.84
6.50	6.10	1.84
6.50	6.20	1.84
6.50	6.30	1.84
6.50	6.40	1.84
6.50	6.50	1.84
6.50	6.60	1.84
6.50	6.70	1.84
6.50	6.80	1.84
6.50	6.90	1.84
6.50	7.00	1.84
6.60	0.00	1.74
6.60	0.10	1.74
6.60	0.20	1.74
6.60	0.30	1.74
6.60	0.40	1.74
6.60	0.50	1.74
6.60	0.60	1.74
6.60	0.70	1.74
6.60	0.80	1.74
6.60	0.90	1.74
6.60	1.00	1.74
6.60	1.10	1.74
6.60	1.20	1.74
6.60	1.30	1.74
6.60	1.40	1.74
6.60	1.50	1.74
6.60	1.60	1.74
6.60	1.70	1.74
6.60	1.80	1.74
6.60	1.90	1.74
6.60	2.00	1.74
6.60	2.10	1.74
6.60	2.20	1.74
6.60	2.30	1.74
6.60	2.40	1.74
6.60	2.50	1.74
6.60	2.60	1.74
6.60	2.70	1.74
6.60	2.80	1.74
6.60	2.90	1.74
6.60	3.00	1.74
6.60	3.10	1.74
6.60	3.20	1.74
6.60	3.30	1.74
6.60	3.40	1.74
6.60	3.50	1.74
6.60	3.60	1.74
6.60	3.70	1.74
6.60	3.80	1.74
6.60	3.90	1.74
6.60	4.00	1.74
6.60	4.10	1.74
6.60	4.20	1.74
6.60	4.30	1.74
6.60	4.40	1.74
6.60	4.50	1.74
6.60	4.60	1.74
6.60	4.70	1.74
6.60	4.80	1.74
6.60	4.90	1.74
6.60	5.00	1.74
6.60	5.10	1.74
6.60	5.20	1.74
6.60	5.30	1.74
6.60	5.40	1.74
6.60	5.50	1.74
6.60	5.60	1.74
6.60	5.70	1.74
6.60	5.80	1.74
6.60	5.90	1.74
6.60	6.00	1.74
6.60	6.10	1.74
6.60	6.20	1.74
6.60	6.30	1.74
6.60	6.40	1.74
6.60	6.50	1.74
6.60	6.60	1.74
6.60	6.70	1.74
6.60	6.80	1.74
6.60	6.90	1.74
6.60	7.00	1.74
6.70	0.00	1.62
6.70	0.10	1.62
6.70	0.20	1.62
6.70	0.30	1.62
6.70	0.40	1.62
6.70	0.50	1.62
6.70	0.60	1.62
6.70	0.70	1.62
6.70	0.80	1.62
6.70	0.90	1.62
6.70	1.00	1.62
6.70	1.10	1.62
6.70	1.20	1.62
6.70	1.30	1.62
6.70	1.40	1.62
6.70	1.50	1.62
6.70	1.60	1.62
6.70	1.70	1.62
6.70	1.80	1.62
6.70	1.90	1.62
6.70	2.00	1.62
6.70	2.10	1.62
6.70	2.20	1.62
6.70	2.30	1.62
6.70	2.40	1.62
6.70	2.50	1.62
6.70	2.60	1.62
6.70	2.70	1.62
6.70	2.80	1.62
6.70	2.90	1.62
6.70	3.00	1.62
6.70	3.10	1.62
6.70	3.20	1.62
6.70	3.30	1.62
6.70	3.40	1.62
6.70	3.50	1.62
6.70	3.60	1.62
6.70	3.70	1.62
6.70	3.80	1.62
6.70	3.90	1.62
6.70	4.00	1.62
6.70	4.10	1.62
6.70	4.20	1.62
6.70	4.30	1.62
6.70	4.40	1.62
6.70	4.50	1.62
6.70	4.60	1.62
6.70	4.70	1.62
6.70	4.80	1.62
6.70	4.90	1.62
6.70	5.00	1.62
6.70	5.10	1.62
6.70	5.20	1.62
6.70	5.30	1.62
6.70	5.40	1.62
6.70	5.50	1.62
6.70	5.60	1.62
6.70	5.70	1.62
6.70	5.80	1.62
6.70	5.90	1.62
6.70	6.00	1.62
6.70	6.10	1.62
6.70	6.20	1.62
6.70	6.30	1.62
6.70	6.40	1.62
6.70	6.50	1.62
6.70	6.60	1.62
6.70	6.70	1.62
6.70	6.80	1.62
6.70	6.90	1.62
6.70	7.00	1.62
6.80	0.00	1.48
6.80	0.10	1.48
6.80	0.20	1.48
6.80	0.30	1.48
6.80	0.40	1.48
6.80	0.50	1.48
6.80	0.60	1.48
6.80	0.70	1.48
6.80	0.80	1.48
6.80	0.90	1.48
6.80	1.00	1.48
6.80	1.10	1.48
6.80	1.20	1.48
6.80	1.30	1.48
6.80	1.40	1.48
6.80	1.50	1.48
6.80	1.60	1.48
6.80	1.70	1.48
6.80	1.80	1.48
6.80	1.90	1.48
6.80	2.00	1.48
6.80	2.10	1.48
6.80	2.20	1.48
6.80	2.30	1.48
6.80	2.40	1.48
6.80	2.50	1.48
6.80	2.60	1.48
6.80	2.70	1.48
6.80	2.80	1.48
6.80	2.90	1.48
6.80	3.00	1.48
6.80	3.10	1.48
6.80	3.20	1.48
6.80	3.30	1.48
6.80	3.40	1.48
6.80	3.50	1.48
6.80	3.60	1.48
6.80	3.70	1.48
6.80	3.80	1.48
6.80	3.90	1.48
6.80	4.00	1.48
6.80	4.10	1.48
6.80	4.20	1.48
6.80	4.30	1.48
6.80	4.40	1.48
6.80	4.50	1.48
6.80	4.60	1.48
6.80	4.70	1.48
6.80	4.80	1.48
6.80	4.90	1.48
6.80	5.00	1.48
6.80	5.10	1.48
6.80	5.20	1.48
6.80	5.30	1.48
6.80	5.40	1.48
6.80	5.50	1.48
6.80	5.60	1.48
6.80	5.70	1.48
6.80	5.80	1.48
6.80	5.90	1.48
6.80	6.00	1.48
6.80	6.10	1.48
6.80	6.20	1.48
6.80	6.30	1.48
6.80	6.40	1.48
6.80	6.50	1.48
6.80	6.60	1.48
6.80	6.70	1.48
6.80	6.80	1.48
6.80	6.90	1.48
6.80	7.00	1.48
6.90	0.00	1.33
6.90	0.10	1.33
6.90	0.20	1.33
6.90	0.30	1.33
6.90	0.40	1.33
6.90	0.50	1.33
6.90	0.60	1.33
6.90	0.70	1.33
6.90	0.80	1.33
6.90	0.90	1.33
6.90	1.00	1.33
6.90	1.10	1.33
6.90	1.20	1.33
6.90	1.30	1.33
6.90	1.40	1.33
6.90	1.50	1.33
6.90	1.60	1.33
6.90	1.70	1.33
6.90	1.80	1.33
6.90	1.90	1.33
6.90	2.00	1.33
6.90	2.10	1.33
6.90	2.20	1.33
6.90	2.30	1.33
6.90	2.40	1.33
6.90	2.50	1.33
6.90	2.60	1.33
6.90	2.70	1.33
6.90	2.80	1.33
6.90	2.90	1.33
6.90	3.00	1.33
6.90	3.10	1.33
6.90	3.20	1.33
6.90	3.30	1.33
6.90	3.40	1.33
6.90	3.50	1.33
6.90	3.60	1.33
6.90	3.70	1.33
6.90	3.80	1.33
6.90	3.90	1.33
6.90	4.00	1.33
6.90	4.10	1.33
6.90	4.20	1.33
6.90	4.30	1.33
6.90	4.40	1.33
6.90	4.50	1.33
6.90	4.60	1.33
6.90	4.70	1.33
6.90	4.80	1.33
6.90	4.90	1.33
6.90	5.00	1.33
6.90	5.10	1.33
6.90	5.20	1.33
6.90	5.30	1.33
6.90	5.40	1.33
6.90	5.50	1.33
6.90	5.60	1.33
6.90	5.70	1.33
6.90	5.80	1.33
6.90	5.90	1.33
6.90	6.00	1.33
6.90	6.10	1.33
6.90	6.20	1.33
6.90	6.30	1.33
6.90	6.40	1.33
6.90	6.50	1.33
6.90	6.60	1.33
6.90	6.70	1.33
6.90	6.80	1.33
6.90	6.90	1.33
6.90	7.00	1.33
7.00	0.00	1.16
7.00	0.10	1.16
7.00	0.20	1.16
7.00	0.30	1.16
7.00	0.40	1.16
7.00	0.50	1.16
7.00	0.60	1.16
7.00	0.70	1.16
7.00	0.80	1.16
7.00	0.90	1.16
7.00	1.00	1.16
7.00	1.10	1.16
7.00	1.20	1.16
7.00	1.30	1.16
7.00	1.40	1.16
7.00	1.50	1.16
7.00	1.60	1.16
7.00	1.70	1.16
7.00	1.80	1.16
7.00	1.90	1.16
7.00	2.00	1.16
7.00	2.10	1.16
7.00	2.20	1.16
7.00	2.30	1.16
7.00	2.40	1.16
7.00	2.50	1.16
7.00	2.60	1.16
7.00	2.70	1.16
7.00	2.80	1.16
7.00	2.90	1.16
7.00	3.00	1.16
7.00	3.10	1.16
7.00	3.20	1.16
7.00	3.30	1.16
7.00	3.40	1.16
7.00	3.50	1.16
7.00	3.60	1.16
7.00	3.70	1.16
7.00	3.80	1.16
7.00	3.90	1.16
7.00	4.00	1.16
7.00	4.10	1.16
7.00	4.20	1.16
7.00	4.30	1.16
7.00	4.40	1.16
7.00	4.50	1.16
7.00	4.60	1.16
7.00	4.70	1.16
7.00	4.80	1.16
7.00	4.90	1.16
7.00	5.00	1.16
7.00	5.10	1.16
7.00	5.20	1.16
7.00	5.30	1.16
7.00	5.40	1.16
7.00	5.50	1.16
7.00	5.60	1.16
7.00	5.70	1.16
7.00	5.80	1.16
7.00	5.90	1.16
7.00	6.00	1.16
7.00	6.10	1.16
7.00	6.20	1.16
7.00	6.30	1.16
7.00	6.40	1.16
7.00	6.50	1.16
7.00	6.60	1.16
7.00	6.70	1.16
7.00	6.80	1.16
7.00	6.90	1.16
7.00	7.00	1.16
